stage,block,agent_id,family,feature_index,feature_candle_open_ms,decision_earliest_ms,outcome_available_index,epoch,p_up,confidence,threshold,action,wait_reason,resolved_outcome,correct,quote_gross,equity_before,equity_after,economic_mode
new_forward,0,G03-0043,reversion,32,1790979000000,1790979300000,33,,0.4664190905902063,0.06716181881958738,0.1343455277459651,WAIT,low_confidence,DOWN,,,100.0,100.0,illustrative_scenario
new_forward,0,G04-0003,reversion,32,1790979000000,1790979300000,33,,0.46691491715805417,0.06617016568389167,0.13232499615696558,WAIT,low_confidence,DOWN,,,100.0,100.0,illustrative_scenario
new_forward,0,G05-0036,reversion,32,1790979000000,1790979300000,33,,0.4682121716263443,0.06357565674731136,0.14305914619451643,WAIT,low_confidence,DOWN,,,100.0,100.0,illustrative_scenario
new_forward,0,G05-0055,fly,32,1790979000000,1790979300000,33,,0.46890626521317896,0.062187469573642074,0.04237831075594702,DOWN,,DOWN,True,2.0,100.0,100.188,illustrative_scenario
new_forward,0,G05-0059,volume,32,1790979000000,1790979300000,33,,0.48537604333387274,0.029247913332254516,0.11548886865098622,WAIT,low_confidence,DOWN,,,100.0,100.0,illustrative_scenario
new_forward,0,G03-0043,reversion,33,1790979300000,1790979600000,34,,0.4806427377406162,0.03871452451876756,0.1343455277459651,WAIT,low_confidence,UP,,,100.0,100.0,illustrative_scenario
new_forward,0,G04-0003,reversion,33,1790979300000,1790979600000,34,,0.48486399210104686,0.030272015797906282,0.13232499615696558,WAIT,low_confidence,UP,,,100.0,100.0,illustrative_scenario
new_forward,0,G05-0036,reversion,33,1790979300000,1790979600000,34,,0.4670326872226378,0.0659346255547244,0.14305914619451643,WAIT,low_confidence,UP,,,100.0,100.0,illustrative_scenario
new_forward,0,G05-0055,fly,33,1790979300000,1790979600000,34,,0.49664947665210035,0.006701046695799295,0.04237831075594702,WAIT,low_confidence,UP,,,100.188,100.188,illustrative_scenario
new_forward,0,G05-0059,volume,33,1790979300000,1790979600000,34,,0.480045550615705,0.03990889876859005,0.11548886865098622,WAIT,low_confidence,UP,,,100.0,100.0,illustrative_scenario
new_forward,0,G03-0043,reversion,34,1790979600000,1790979900000,35,,0.4876204840792229,0.024759031841554147,0.1343455277459651,WAIT,low_confidence,UP,,,100.0,100.0,illustrative_scenario
new_forward,0,G04-0003,reversion,34,1790979600000,1790979900000,35,,0.48387111687816015,0.03225776624367971,0.13232499615696558,WAIT,low_confidence,UP,,,100.0,100.0,illustrative_scenario
new_forward,0,G05-0036,reversion,34,1790979600000,1790979900000,35,,0.49708189096818806,0.005836218063623888,0.14305914619451643,WAIT,low_confidence,UP,,,100.0,100.0,illustrative_scenario
new_forward,0,G05-0055,fly,34,1790979600000,1790979900000,35,,0.4618423862989149,0.07631522740217023,0.04237831075594702,DOWN,,UP,False,2.0,100.188,99.987624,illustrative_scenario
new_forward,0,G05-0059,volume,34,1790979600000,1790979900000,35,,0.4801270043179122,0.03974599136417556,0.11548886865098622,WAIT,low_confidence,UP,,,100.0,100.0,illustrative_scenario
new_forward,0,G03-0043,reversion,35,1790979900000,1790980200000,36,,0.4830487940580422,0.03390241188391563,0.1343455277459651,WAIT,low_confidence,UP,,,100.0,100.0,illustrative_scenario
new_forward,0,G04-0003,reversion,35,1790979900000,1790980200000,36,,0.47982347718360885,0.0403530456327823,0.13232499615696558,WAIT,low_confidence,UP,,,100.0,100.0,illustrative_scenario
new_forward,0,G05-0036,reversion,35,1790979900000,1790980200000,36,,0.4915932035559623,0.01681359288807538,0.14305914619451643,WAIT,low_confidence,UP,,,100.0,100.0,illustrative_scenario
new_forward,0,G05-0055,fly,35,1790979900000,1790980200000,36,,0.4646945894381481,0.07061082112370376,0.04237831075594702,DOWN,,UP,False,2.0,99.987624,99.787648752,illustrative_scenario
new_forward,0,G05-0059,volume,35,1790979900000,1790980200000,36,,0.493695190726202,0.012609618547596013,0.11548886865098622,WAIT,low_confidence,UP,,,100.0,100.0,illustrative_scenario
new_forward,0,G03-0043,reversion,36,1790980200000,1790980500000,37,,0.45733364537510657,0.08533270924978686,0.1343455277459651,WAIT,low_confidence,DOWN,,,100.0,100.0,illustrative_scenario
new_forward,0,G04-0003,reversion,36,1790980200000,1790980500000,37,,0.45542372468499087,0.08915255063001826,0.13232499615696558,WAIT,low_confidence,DOWN,,,100.0,100.0,illustrative_scenario
new_forward,0,G05-0036,reversion,36,1790980200000,1790980500000,37,,0.4682302574233388,0.06353948515332242,0.14305914619451643,WAIT,low_confidence,DOWN,,,100.0,100.0,illustrative_scenario
new_forward,0,G05-0055,fly,36,1790980200000,1790980500000,37,,0.4430719544748544,0.11385609105029115,0.04237831075594702,DOWN,,DOWN,True,2.0,99.787648752,99.97524953165376,illustrative_scenario
new_forward,0,G05-0059,volume,36,1790980200000,1790980500000,37,,0.45402063373364193,0.09195873253271614,0.11548886865098622,WAIT,low_confidence,DOWN,,,100.0,100.0,illustrative_scenario
new_forward,0,G03-0043,reversion,37,1790980500000,1790980800000,38,,0.46053358942596656,0.07893282114806688,0.1343455277459651,WAIT,low_confidence,UP,,,100.0,100.0,illustrative_scenario
new_forward,0,G04-0003,reversion,37,1790980500000,1790980800000,38,,0.4670828766757851,0.06583424664842985,0.13232499615696558,WAIT,low_confidence,UP,,,100.0,100.0,illustrative_scenario
new_forward,0,G05-0036,reversion,37,1790980500000,1790980800000,38,,0.44250687796728094,0.11498624406543811,0.14305914619451643,WAIT,low_confidence,UP,,,100.0,100.0,illustrative_scenario
new_forward,0,G05-0055,fly,37,1790980500000,1790980800000,38,,0.49308268374759723,0.013834632504805544,0.04237831075594702,WAIT,low_confidence,UP,,,99.97524953165376,99.97524953165376,illustrative_scenario
new_forward,0,G05-0059,volume,37,1790980500000,1790980800000,38,,0.49530833804936536,0.00938332390126928,0.11548886865098622,WAIT,low_confidence,UP,,,100.0,100.0,illustrative_scenario
new_forward,0,G03-0043,reversion,38,1790980800000,1790981100000,39,,0.4589320600827623,0.08213587983447534,0.1343455277459651,WAIT,low_confidence,DOWN,,,100.0,100.0,illustrative_scenario
new_forward,0,G04-0003,reversion,38,1790980800000,1790981100000,39,,0.4621325557823684,0.07573488843526321,0.13232499615696558,WAIT,low_confidence,DOWN,,,100.0,100.0,illustrative_scenario
new_forward,0,G05-0036,reversion,38,1790980800000,1790981100000,39,,0.4543441985536866,0.09131160289262685,0.14305914619451643,WAIT,low_confidence,DOWN,,,100.0,100.0,illustrative_scenario
new_forward,0,G05-0055,fly,38,1790980800000,1790981100000,39,,0.46839405065662404,0.06321189868675192,0.04237831075594702,DOWN,,DOWN,True,2.0,99.97524953165376,100.16320300077327,illustrative_scenario
new_forward,0,G05-0059,volume,38,1790980800000,1790981100000,39,,0.4814089089188755,0.037182182162249,0.11548886865098622,WAIT,low_confidence,DOWN,,,100.0,100.0,illustrative_scenario
new_forward,0,G03-0043,reversion,39,1790981100000,1790981400000,40,,0.4525710432887312,0.09485791342253758,0.1343455277459651,WAIT,low_confidence,UP,,,100.0,100.0,illustrative_scenario
new_forward,0,G04-0003,reversion,39,1790981100000,1790981400000,40,,0.4591162513324473,0.08176749733510535,0.13232499615696558,WAIT,low_confidence,UP,,,100.0,100.0,illustrative_scenario
new_forward,0,G05-0036,reversion,39,1790981100000,1790981400000,40,,0.4319257524580747,0.13614849508385063,0.14305914619451643,WAIT,low_confidence,UP,,,100.0,100.0,illustrative_scenario
new_forward,0,G05-0055,fly,39,1790981100000,1790981400000,40,,0.48949544817262797,0.021009103654744066,0.04237831075594702,WAIT,low_confidence,UP,,,100.16320300077327,100.16320300077327,illustrative_scenario
new_forward,0,G05-0059,volume,39,1790981100000,1790981400000,40,,0.5027473162543705,0.005494632508741049,0.11548886865098622,WAIT,low_confidence,UP,,,100.0,100.0,illustrative_scenario
new_forward,0,G03-0043,reversion,40,1790981400000,1790981700000,41,,0.46451519978143685,0.0709696004371263,0.1343455277459651,WAIT,low_confidence,UP,,,100.0,100.0,illustrative_scenario
new_forward,0,G04-0003,reversion,40,1790981400000,1790981700000,41,,0.4661052100841949,0.06778957983161016,0.13232499615696558,WAIT,low_confidence,UP,,,100.0,100.0,illustrative_scenario
new_forward,0,G05-0036,reversion,40,1790981400000,1790981700000,41,,0.4587219357882857,0.08255612842342863,0.14305914619451643,WAIT,low_confidence,UP,,,100.0,100.0,illustrative_scenario
new_forward,0,G05-0055,fly,40,1790981400000,1790981700000,41,,0.47148707036498666,0.05702585927002668,0.04237831075594702,DOWN,,UP,False,2.0,100.16320300077327,99.96287659477171,illustrative_scenario
new_forward,0,G05-0059,volume,40,1790981400000,1790981700000,41,,0.4820240952551789,0.03595180948964216,0.11548886865098622,WAIT,low_confidence,UP,,,100.0,100.0,illustrative_scenario
new_forward,0,G03-0043,reversion,41,1790981700000,1790982000000,42,,0.46709404337752014,0.06581191324495972,0.1343455277459651,WAIT,low_confidence,UP,,,100.0,100.0,illustrative_scenario
new_forward,0,G04-0003,reversion,41,1790981700000,1790982000000,42,,0.4651772451698286,0.06964550966034277,0.13232499615696558,WAIT,low_confidence,UP,,,100.0,100.0,illustrative_scenario
new_forward,0,G05-0036,reversion,41,1790981700000,1790982000000,42,,0.472829934307701,0.054340131384598034,0.14305914619451643,WAIT,low_confidence,UP,,,100.0,100.0,illustrative_scenario
new_forward,0,G05-0055,fly,41,1790981700000,1790982000000,42,,0.45545477343168544,0.08909045313662911,0.04237831075594702,DOWN,,UP,False,2.0,99.96287659477171,99.76295084158217,illustrative_scenario
new_forward,0,G05-0059,volume,41,1790981700000,1790982000000,42,,0.4728747005540695,0.05425059889186101,0.11548886865098622,WAIT,low_confidence,UP,,,100.0,100.0,illustrative_scenario
new_forward,0,G03-0043,reversion,42,1790982000000,1790982300000,43,,0.47183993267367924,0.05632013465264152,0.1343455277459651,WAIT,low_confidence,DOWN,,,100.0,100.0,illustrative_scenario
new_forward,0,G04-0003,reversion,42,1790982000000,1790982300000,43,,0.46961381710819133,0.06077236578361733,0.13232499615696558,WAIT,low_confidence,DOWN,,,100.0,100.0,illustrative_scenario
new_forward,0,G05-0036,reversion,42,1790982000000,1790982300000,43,,0.47691798366493027,0.046164032670139465,0.14305914619451643,WAIT,low_confidence,DOWN,,,100.0,100.0,illustrative_scenario
new_forward,0,G05-0055,fly,42,1790982000000,1790982300000,43,,0.4587437293532725,0.08251254129345498,0.04237831075594702,DOWN,,DOWN,True,2.0,99.76295084158217,99.95050518916435,illustrative_scenario
new_forward,0,G05-0059,volume,42,1790982000000,1790982300000,43,,0.4719804818858837,0.056039036228232586,0.11548886865098622,WAIT,low_confidence,DOWN,,,100.0,100.0,illustrative_scenario
new_forward,0,G03-0043,reversion,43,1790982300000,1790982600000,44,,0.45387857829813294,0.09224284340373412,0.1343455277459651,WAIT,low_confidence,UP,,,100.0,100.0,illustrative_scenario
new_forward,0,G04-0003,reversion,43,1790982300000,1790982600000,44,,0.4597187488066402,0.08056250238671958,0.13232499615696558,WAIT,low_confidence,UP,,,100.0,100.0,illustrative_scenario
new_forward,0,G05-0036,reversion,43,1790982300000,1790982600000,44,,0.4366724793421062,0.12665504131578764,0.14305914619451643,WAIT,low_confidence,UP,,,100.0,100.0,illustrative_scenario
new_forward,0,G05-0055,fly,43,1790982300000,1790982600000,44,,0.4893187650104348,0.021362469979130383,0.04237831075594702,WAIT,low_confidence,UP,,,99.95050518916435,99.95050518916435,illustrative_scenario
new_forward,0,G05-0059,volume,43,1790982300000,1790982600000,44,,0.5061487756422495,0.012297551284498942,0.11548886865098622,WAIT,low_confidence,UP,,,100.0,100.0,illustrative_scenario
new_forward,0,G03-0043,reversion,44,1790982600000,1790982900000,45,,0.47168481673763846,0.056630366524723086,0.1343455277459651,WAIT,low_confidence,UP,,,100.0,100.0,illustrative_scenario
new_forward,0,G04-0003,reversion,44,1790982600000,1790982900000,45,,0.46979368312725395,0.060412633745492106,0.13232499615696558,WAIT,low_confidence,UP,,,100.0,100.0,illustrative_scenario
new_forward,0,G05-0036,reversion,44,1790982600000,1790982900000,45,,0.47925692526093894,0.041486149478122125,0.14305914619451643,WAIT,low_confidence,UP,,,100.0,100.0,illustrative_scenario
new_forward,0,G05-0055,fly,44,1790982600000,1790982900000,45,,0.45989148885651326,0.08021702228697347,0.04237831075594702,DOWN,,UP,False,2.0,99.95050518916435,99.75060417878602,illustrative_scenario
new_forward,0,G05-0059,volume,44,1790982600000,1790982900000,45,,0.4759969843521985,0.04800603129560299,0.11548886865098622,WAIT,low_confidence,UP,,,100.0,100.0,illustrative_scenario
new_forward,0,G03-0043,reversion,45,1790982900000,1790983200000,46,,0.4600927682306686,0.07981446353866284,0.1343455277459651,WAIT,low_confidence,DOWN,,,100.0,100.0,illustrative_scenario
new_forward,0,G04-0003,reversion,45,1790982900000,1790983200000,46,,0.45778273141153397,0.08443453717693206,0.13232499615696558,WAIT,low_confidence,DOWN,,,100.0,100.0,illustrative_scenario
new_forward,0,G05-0036,reversion,45,1790982900000,1790983200000,46,,0.47080390306773306,0.05839219386453387,0.14305914619451643,WAIT,low_confidence,DOWN,,,100.0,100.0,illustrative_scenario
new_forward,0,G05-0055,fly,45,1790982900000,1790983200000,46,,0.448521176681718,0.10295764663656404,0.04237831075594702,DOWN,,DOWN,True,2.0,99.75060417878602,99.93813531464214,illustrative_scenario
new_forward,0,G05-0059,volume,45,1790982900000,1790983200000,46,,0.47313284169097075,0.0537343166180585,0.11548886865098622,WAIT,low_confidence,DOWN,,,100.0,100.0,illustrative_scenario
new_forward,0,G03-0043,reversion,46,1790983200000,1790983500000,47,,0.44797206352990276,0.10405587294019447,0.1343455277459651,WAIT,low_confidence,UP,,,100.0,100.0,illustrative_scenario
new_forward,0,G04-0003,reversion,46,1790983200000,1790983500000,47,,0.452229953170508,0.09554009365898397,0.13232499615696558,WAIT,low_confidence,UP,,,100.0,100.0,illustrative_scenario
new_forward,0,G05-0036,reversion,46,1790983200000,1790983500000,47,,0.4378572932768119,0.12428541344637623,0.14305914619451643,WAIT,low_confidence,UP,,,100.0,100.0,illustrative_scenario
new_forward,0,G05-0055,fly,46,1790983200000,1790983500000,47,,0.4728074737238311,0.05438505255233783,0.04237831075594702,DOWN,,UP,False,2.0,99.93813531464214,99.73825904401285,illustrative_scenario
new_forward,0,G05-0059,volume,46,1790983200000,1790983500000,47,,0.4692550564503652,0.06148988709926961,0.11548886865098622,WAIT,low_confidence,UP,,,100.0,100.0,illustrative_scenario
new_forward,0,G03-0043,reversion,47,1790983500000,1790983800000,48,,0.4452511136926467,0.10949777261470661,0.1343455277459651,WAIT,low_confidence,DOWN,,,100.0,100.0,illustrative_scenario
new_forward,0,G04-0003,reversion,47,1790983500000,1790983800000,48,,0.444926092877984,0.11014781424403197,0.13232499615696558,WAIT,low_confidence,DOWN,,,100.0,100.0,illustrative_scenario
new_forward,0,G05-0036,reversion,47,1790983500000,1790983800000,48,,0.45238829089623855,0.09522341820752289,0.14305914619451643,WAIT,low_confidence,DOWN,,,100.0,100.0,illustrative_scenario
new_forward,0,G05-0055,fly,47,1790983500000,1790983800000,48,,0.4419438655703798,0.11611226885924042,0.04237831075594702,DOWN,,DOWN,True,2.0,99.73825904401285,99.92576697101559,illustrative_scenario
new_forward,0,G05-0059,volume,47,1790983500000,1790983800000,48,,0.44042551927751866,0.11914896144496268,0.11548886865098622,DOWN,,DOWN,True,2.0,100.0,100.188,illustrative_scenario
new_forward,0,G03-0043,reversion,48,1790983800000,1790984100000,49,,0.44252420351336,0.11495159297327995,0.1343455277459651,WAIT,low_confidence,UP,,,100.0,100.0,illustrative_scenario
new_forward,0,G04-0003,reversion,48,1790983800000,1790984100000,49,,0.449992009186597,0.10001598162680603,0.13232499615696558,WAIT,low_confidence,UP,,,100.0,100.0,illustrative_scenario
new_forward,0,G05-0036,reversion,48,1790983800000,1790984100000,49,,0.42093107253845946,0.15813785492308108,0.14305914619451643,DOWN,,UP,False,2.0,100.0,99.8,illustrative_scenario
new_forward,0,G05-0055,fly,48,1790983800000,1790984100000,49,,0.4865638520566587,0.026872295886682607,0.04237831075594702,WAIT,low_confidence,UP,,,99.92576697101559,99.92576697101559,illustrative_scenario
new_forward,0,G05-0059,volume,48,1790983800000,1790984100000,49,,0.48598590124498675,0.028028197510026498,0.11548886865098622,WAIT,low_confidence,UP,,,100.188,100.188,illustrative_scenario
new_forward,0,G03-0043,reversion,49,1790984100000,1790984400000,50,,0.4426723652064784,0.1146552695870432,0.1343455277459651,WAIT,low_confidence,UP,,,100.0,100.0,illustrative_scenario
new_forward,0,G04-0003,reversion,49,1790984100000,1790984400000,50,,0.44791292448456904,0.10417415103086192,0.13232499615696558,WAIT,low_confidence,UP,,,100.0,100.0,illustrative_scenario
new_forward,0,G05-0036,reversion,49,1790984100000,1790984400000,50,,0.4335561606296626,0.13288767874067475,0.14305914619451643,WAIT,low_confidence,UP,,,99.8,99.8,illustrative_scenario
new_forward,0,G05-0055,fly,49,1790984100000,1790984400000,50,,0.4703092446886376,0.05938151062272479,0.04237831075594702,DOWN,,UP,False,2.0,99.92576697101559,99.72591543707355,illustrative_scenario
new_forward,0,G05-0059,volume,49,1790984100000,1790984400000,50,,0.47869279337798964,0.04261441324402071,0.11548886865098622,WAIT,low_confidence,UP,,,100.188,100.188,illustrative_scenario
new_forward,0,G03-0043,reversion,50,1790984400000,1790984700000,51,,0.4531983942389923,0.09360321152201545,0.1343455277459651,WAIT,low_confidence,UP,,,100.0,100.0,illustrative_scenario
new_forward,0,G04-0003,reversion,50,1790984400000,1790984700000,51,,0.4521247273812642,0.09575054523747162,0.13232499615696558,WAIT,low_confidence,UP,,,100.0,100.0,illustrative_scenario
new_forward,0,G05-0036,reversion,50,1790984400000,1790984700000,51,,0.46177009932360086,0.07645980135279828,0.14305914619451643,WAIT,low_confidence,UP,,,99.8,99.8,illustrative_scenario
new_forward,0,G05-0055,fly,50,1790984400000,1790984700000,51,,0.447972772177993,0.10405445564401405,0.04237831075594702,DOWN,,UP,False,2.0,99.72591543707355,99.5264636061994,illustrative_scenario
new_forward,0,G05-0059,volume,50,1790984400000,1790984700000,51,,0.4701258135404803,0.05974837291903945,0.11548886865098622,WAIT,low_confidence,UP,,,100.188,100.188,illustrative_scenario
new_forward,0,G03-0043,reversion,51,1790984700000,1790985000000,52,,0.4548966354859328,0.09020672902813442,0.1343455277459651,WAIT,low_confidence,UP,,,100.0,100.0,illustrative_scenario
new_forward,0,G04-0003,reversion,51,1790984700000,1790985000000,52,,0.4537676609690642,0.09246467806187164,0.13232499615696558,WAIT,low_confidence,UP,,,100.0,100.0,illustrative_scenario
new_forward,0,G05-0036,reversion,51,1790984700000,1790985000000,52,,0.464343188636038,0.07131362272792396,0.14305914619451643,WAIT,low_confidence,UP,,,99.8,99.8,illustrative_scenario
new_forward,0,G05-0055,fly,51,1790984700000,1790985000000,52,,0.4491046238506317,0.10179075229873658,0.04237831075594702,DOWN,,UP,False,2.0,99.5264636061994,99.32741067898701,illustrative_scenario
new_forward,0,G05-0059,volume,51,1790984700000,1790985000000,52,,0.47215405986043224,0.05569188027913552,0.11548886865098622,WAIT,low_confidence,UP,,,100.188,100.188,illustrative_scenario
new_forward,0,G03-0043,reversion,52,1790985000000,1790985300000,53,,0.44393049132222734,0.11213901735554532,0.1343455277459651,WAIT,low_confidence,DOWN,,,100.0,100.0,illustrative_scenario
new_forward,0,G04-0003,reversion,52,1790985000000,1790985300000,53,,0.4478966106294738,0.10420677874105244,0.13232499615696558,WAIT,low_confidence,DOWN,,,100.0,100.0,illustrative_scenario
new_forward,0,G05-0036,reversion,52,1790985000000,1790985300000,53,,0.43880614727972145,0.1223877054405571,0.14305914619451643,WAIT,low_confidence,DOWN,,,99.8,99.8,illustrative_scenario
new_forward,0,G05-0055,fly,52,1790985000000,1790985300000,53,,0.4644915814834427,0.07101683703311457,0.04237831075594702,DOWN,,DOWN,True,2.0,99.32741067898701,99.5141462110635,illustrative_scenario
new_forward,0,G05-0059,volume,52,1790985000000,1790985300000,53,,0.46357070587618915,0.0728585882476217,0.11548886865098622,WAIT,low_confidence,DOWN,,,100.188,100.188,illustrative_scenario
new_forward,0,G03-0043,reversion,53,1790985300000,1790985600000,54,,0.4550003850583956,0.08999922988320885,0.1343455277459651,WAIT,low_confidence,UP,,,100.0,100.0,illustrative_scenario
new_forward,0,G04-0003,reversion,53,1790985300000,1790985600000,54,,0.459673447644381,0.08065310471123799,0.13232499615696558,WAIT,low_confidence,UP,,,100.0,100.0,illustrative_scenario
new_forward,0,G05-0036,reversion,53,1790985300000,1790985600000,54,,0.44398592625939176,0.11202814748121648,0.14305914619451643,WAIT,low_confidence,UP,,,99.8,99.8,illustrative_scenario
new_forward,0,G05-0055,fly,53,1790985300000,1790985600000,54,,0.4787571961592779,0.04248560768144416,0.04237831075594702,DOWN,,UP,False,2.0,99.5141462110635,99.31511791864138,illustrative_scenario
new_forward,0,G05-0059,volume,53,1790985300000,1790985600000,54,,0.48041606342706805,0.039167873145863896,0.11548886865098622,WAIT,low_confidence,UP,,,100.188,100.188,illustrative_scenario
new_forward,0,G03-0043,reversion,54,1790985600000,1790985900000,55,,0.4501392097191478,0.09972158056170444,0.1343455277459651,WAIT,low_confidence,DOWN,,,100.0,100.0,illustrative_scenario
new_forward,0,G04-0003,reversion,54,1790985600000,1790985900000,55,,0.45547391438412904,0.08905217123174192,0.13232499615696558,WAIT,low_confidence,DOWN,,,100.0,100.0,illustrative_scenario
new_forward,0,G05-0036,reversion,54,1790985600000,1790985900000,55,,0.43546965331098614,0.12906069337802772,0.14305914619451643,WAIT,low_confidence,DOWN,,,99.8,99.8,illustrative_scenario
new_forward,0,G05-0055,fly,54,1790985600000,1790985900000,55,,0.47414649022619176,0.05170701954761647,0.04237831075594702,DOWN,,DOWN,True,2.0,99.31511791864138,99.50183034032842,illustrative_scenario
new_forward,0,G05-0059,volume,54,1790985600000,1790985900000,55,,0.42256419118483274,0.15487161763033452,0.11548886865098622,DOWN,,DOWN,True,2.0,100.188,100.37635344,illustrative_scenario
new_forward,0,G03-0043,reversion,55,1790985900000,1790986200000,56,,0.4544139997784324,0.09117200044313523,0.1343455277459651,WAIT,low_confidence,UP,,,100.0,100.0,illustrative_scenario
new_forward,0,G04-0003,reversion,55,1790985900000,1790986200000,56,,0.45863825850873496,0.08272348298253007,0.13232499615696558,WAIT,low_confidence,UP,,,100.0,100.0,illustrative_scenario
new_forward,0,G05-0036,reversion,55,1790985900000,1790986200000,56,,0.44333683128794166,0.11332633742411669,0.14305914619451643,WAIT,low_confidence,UP,,,99.8,99.8,illustrative_scenario
new_forward,0,G05-0055,fly,55,1790985900000,1790986200000,56,,0.47814601626473313,0.04370796747053374,0.04237831075594702,DOWN,,UP,False,2.0,99.50183034032842,99.30282667964777,illustrative_scenario
new_forward,0,G05-0059,volume,55,1790985900000,1790986200000,56,,0.48372520683715364,0.032549586325692714,0.11548886865098622,WAIT,low_confidence,UP,,,100.37635344,100.37635344,illustrative_scenario
new_forward,0,G03-0043,reversion,56,1790986200000,1790986500000,57,,0.4557439336149117,0.08851213277017655,0.1343455277459651,WAIT,low_confidence,DOWN,,,100.0,100.0,illustrative_scenario
new_forward,0,G04-0003,reversion,56,1790986200000,1790986500000,57,,0.4558591876417828,0.08828162471643441,0.13232499615696558,WAIT,low_confidence,DOWN,,,100.0,100.0,illustrative_scenario
new_forward,0,G05-0036,reversion,56,1790986200000,1790986500000,57,,0.4584728885817792,0.0830542228364416,0.14305914619451643,WAIT,low_confidence,DOWN,,,99.8,99.8,illustrative_scenario
new_forward,0,G05-0055,fly,56,1790986200000,1790986500000,57,,0.45645084046357975,0.08709831907284049,0.04237831075594702,DOWN,,DOWN,True,2.0,99.30282667964777,99.4895159938055,illustrative_scenario
new_forward,0,G05-0059,volume,56,1790986200000,1790986500000,57,,0.47271218254303377,0.05457563491393247,0.11548886865098622,WAIT,low_confidence,DOWN,,,100.37635344,100.37635344,illustrative_scenario
new_forward,0,G03-0043,reversion,57,1790986500000,1790986800000,58,,0.45630941013418286,0.08738117973163428,0.1343455277459651,WAIT,low_confidence,UP,,,100.0,100.0,illustrative_scenario
new_forward,0,G04-0003,reversion,57,1790986500000,1790986800000,58,,0.462552354491686,0.07489529101662795,0.13232499615696558,WAIT,low_confidence,UP,,,100.0,100.0,illustrative_scenario
new_forward,0,G05-0036,reversion,57,1790986500000,1790986800000,58,,0.43661978740243734,0.12676042519512531,0.14305914619451643,WAIT,low_confidence,UP,,,99.8,99.8,illustrative_scenario
new_forward,0,G05-0055,fly,57,1790986500000,1790986800000,58,,0.48560885947413124,0.028782281051737524,0.04237831075594702,WAIT,low_confidence,UP,,,99.4895159938055,99.4895159938055,illustrative_scenario
new_forward,0,G05-0059,volume,57,1790986500000,1790986800000,58,,0.44407648167868213,0.11184703664263573,0.11548886865098622,WAIT,low_confidence,UP,,,100.37635344,100.37635344,illustrative_scenario
new_forward,0,G03-0043,reversion,58,1790986800000,1790987100000,59,,0.46802343727974327,0.06395312544051346,0.1343455277459651,WAIT,low_confidence,UP,,,100.0,100.0,illustrative_scenario
new_forward,0,G04-0003,reversion,58,1790986800000,1790987100000,59,,0.46557829363725656,0.06884341272548689,0.13232499615696558,WAIT,low_confidence,UP,,,100.0,100.0,illustrative_scenario
new_forward,0,G05-0036,reversion,58,1790986800000,1790987100000,59,,0.4777392762384571,0.044521447523085844,0.14305914619451643,WAIT,low_confidence,UP,,,99.8,99.8,illustrative_scenario
new_forward,0,G05-0055,fly,58,1790986800000,1790987100000,59,,0.4515234620892333,0.09695307582153345,0.04237831075594702,DOWN,,UP,False,2.0,99.4895159938055,99.29053696181789,illustrative_scenario
new_forward,0,G05-0059,volume,58,1790986800000,1790987100000,59,,0.48121551027519416,0.037568979449611684,0.11548886865098622,WAIT,low_confidence,UP,,,100.37635344,100.37635344,illustrative_scenario
new_forward,0,G03-0043,reversion,59,1790987100000,1790987400000,60,,0.47066427906896846,0.05867144186206308,0.1343455277459651,WAIT,low_confidence,UP,,,100.0,100.0,illustrative_scenario
new_forward,0,G04-0003,reversion,59,1790987100000,1790987400000,60,,0.4683982648452481,0.0632034703095038,0.13232499615696558,WAIT,low_confidence,UP,,,100.0,100.0,illustrative_scenario
new_forward,0,G05-0036,reversion,59,1790987100000,1790987400000,60,,0.4762590948986412,0.04748181020271758,0.14305914619451643,WAIT,low_confidence,UP,,,99.8,99.8,illustrative_scenario
new_forward,0,G05-0055,fly,59,1790987100000,1790987400000,60,,0.46014073443929404,0.07971853112141192,0.04237831075594702,DOWN,,UP,False,2.0,99.29053696181789,99.09195588789426,illustrative_scenario
new_forward,0,G05-0059,volume,59,1790987100000,1790987400000,60,,0.4872140403008388,0.025571919398322374,0.11548886865098622,WAIT,low_confidence,UP,,,100.37635344,100.37635344,illustrative_scenario
new_forward,0,G03-0043,reversion,60,1790987400000,1790987700000,61,,0.45837969874818707,0.08324060250362586,0.1343455277459651,WAIT,low_confidence,DOWN,,,100.0,100.0,illustrative_scenario
new_forward,0,G04-0003,reversion,60,1790987400000,1790987700000,61,,0.4567177170441601,0.08656456591167982,0.13232499615696558,WAIT,low_confidence,DOWN,,,100.0,100.0,illustrative_scenario
new_forward,0,G05-0036,reversion,60,1790987400000,1790987700000,61,,0.4673839425508103,0.06523211489837943,0.14305914619451643,WAIT,low_confidence,DOWN,,,99.8,99.8,illustrative_scenario
new_forward,0,G05-0055,fly,60,1790987400000,1790987700000,61,,0.44783597502434497,0.10432804995131006,0.04237831075594702,DOWN,,DOWN,True,2.0,99.09195588789426,99.2782487649635,illustrative_scenario
new_forward,0,G05-0059,volume,60,1790987400000,1790987700000,61,,0.46178647605075746,0.07642704789848509,0.11548886865098622,WAIT,low_confidence,DOWN,,,100.37635344,100.37635344,illustrative_scenario
new_forward,0,G03-0043,reversion,61,1790987700000,1790988000000,62,,0.44783808646789447,0.10432382706421106,0.1343455277459651,WAIT,low_confidence,DOWN,,,100.0,100.0,illustrative_scenario
new_forward,0,G04-0003,reversion,61,1790987700000,1790988000000,62,,0.4518800693040311,0.09623986139193785,0.13232499615696558,WAIT,low_confidence,DOWN,,,100.0,100.0,illustrative_scenario
new_forward,0,G05-0036,reversion,61,1790987700000,1790988000000,62,,0.43849326763095764,0.12301346473808472,0.14305914619451643,WAIT,low_confidence,DOWN,,,99.8,99.8,illustrative_scenario
new_forward,0,G05-0055,fly,61,1790987700000,1790988000000,62,,0.4710464932826901,0.05790701343461979,0.04237831075594702,DOWN,,DOWN,True,2.0,99.2782487649635,99.46489187264163,illustrative_scenario
new_forward,0,G05-0059,volume,61,1790987700000,1790988000000,62,,0.47886388774410715,0.042272224511785694,0.11548886865098622,WAIT,low_confidence,DOWN,,,100.37635344,100.37635344,illustrative_scenario
new_forward,0,G03-0043,reversion,62,1790988000000,1790988300000,63,,0.45627464149736313,0.08745071700527374,0.1343455277459651,WAIT,low_confidence,UP,,,100.0,100.0,illustrative_scenario
new_forward,0,G04-0003,reversion,62,1790988000000,1790988300000,63,,0.45916930542131096,0.08166138915737808,0.13232499615696558,WAIT,low_confidence,UP,,,100.0,100.0,illustrative_scenario
new_forward,0,G05-0036,reversion,62,1790988000000,1790988300000,63,,0.4500526044463575,0.09989479110728505,0.14305914619451643,WAIT,low_confidence,UP,,,99.8,99.8,illustrative_scenario
new_forward,0,G05-0055,fly,62,1790988000000,1790988300000,63,,0.4712968671495733,0.05740626570085339,0.04237831075594702,DOWN,,UP,False,2.0,99.46489187264163,99.26596208889634,illustrative_scenario
new_forward,0,G05-0059,volume,62,1790988000000,1790988300000,63,,0.4932969220223155,0.013406155955368981,0.11548886865098622,WAIT,low_confidence,UP,,,100.37635344,100.37635344,illustrative_scenario
new_forward,0,G03-0043,reversion,63,1790988300000,1790988600000,64,,0.45748712358375193,0.08502575283249614,0.1343455277459651,WAIT,low_confidence,DOWN,,,100.0,100.0,illustrative_scenario
new_forward,0,G04-0003,reversion,63,1790988300000,1790988600000,64,,0.4559377803698053,0.08812443926038938,0.13232499615696558,WAIT,low_confidence,DOWN,,,100.0,100.0,illustrative_scenario
new_forward,0,G05-0036,reversion,63,1790988300000,1790988600000,64,,0.465122124893871,0.069755750212258,0.14305914619451643,WAIT,low_confidence,DOWN,,,99.8,99.8,illustrative_scenario
new_forward,0,G05-0055,fly,63,1790988300000,1790988600000,64,,0.4507212524941831,0.0985574950116338,0.04237831075594702,DOWN,,DOWN,True,2.0,99.26596208889634,99.45258209762346,illustrative_scenario
new_forward,0,G05-0059,volume,63,1790988300000,1790988600000,64,,0.4734408170649114,0.05311836587017715,0.11548886865098622,WAIT,low_confidence,DOWN,,,100.37635344,100.37635344,illustrative_scenario
new_forward,0,G03-0043,reversion,64,1790988600000,1790988900000,65,,0.44565713064682255,0.1086857387063549,0.1343455277459651,WAIT,low_confidence,UP,,,100.0,100.0,illustrative_scenario
new_forward,0,G04-0003,reversion,64,1790988600000,1790988900000,65,,0.45279904492438633,0.09440191015122734,0.13232499615696558,WAIT,low_confidence,UP,,,100.0,100.0,illustrative_scenario
new_forward,0,G05-0036,reversion,64,1790988600000,1790988900000,65,,0.42405026186652023,0.15189947626695954,0.14305914619451643,DOWN,,UP,False,2.0,99.8,99.6004,illustrative_scenario
new_forward,0,G05-0055,fly,64,1790988600000,1790988900000,65,,0.48760236315887945,0.024795273682241104,0.04237831075594702,WAIT,low_confidence,UP,,,99.45258209762346,99.45258209762346,illustrative_scenario
new_forward,0,G05-0059,volume,64,1790988600000,1790988900000,65,,0.48586458871538907,0.028270822569221865,0.11548886865098622,WAIT,low_confidence,UP,,,100.37635344,100.37635344,illustrative_scenario
new_forward,0,G03-0043,reversion,65,1790988900000,1790989200000,66,,0.4622096874502196,0.07558062509956076,0.1343455277459651,WAIT,low_confidence,DOWN,,,100.0,100.0,illustrative_scenario
new_forward,0,G04-0003,reversion,65,1790988900000,1790989200000,66,,0.460820448185381,0.07835910362923804,0.13232499615696558,WAIT,low_confidence,DOWN,,,100.0,100.0,illustrative_scenario
new_forward,0,G05-0036,reversion,65,1790988900000,1790989200000,66,,0.47014419330533136,0.05971161338933728,0.14305914619451643,WAIT,low_confidence,DOWN,,,99.6004,99.6004,illustrative_scenario
new_forward,0,G05-0055,fly,65,1790988900000,1790989200000,66,,0.45361251043546746,0.09277497912906507,0.04237831075594702,DOWN,,DOWN,True,2.0,99.45258209762346,99.63955295196699,illustrative_scenario
new_forward,0,G05-0059,volume,65,1790988900000,1790989200000,66,,0.47331783512280673,0.05336432975438654,0.11548886865098622,WAIT,low_confidence,DOWN,,,100.37635344,100.37635344,illustrative_scenario
new_forward,0,G03-0043,reversion,66,1790989200000,1790989500000,67,,0.46664246614885824,0.06671506770228353,0.1343455277459651,WAIT,low_confidence,UP,,,100.0,100.0,illustrative_scenario
new_forward,0,G04-0003,reversion,66,1790989200000,1790989500000,67,,0.4705812142456207,0.05883757150875857,0.13232499615696558,WAIT,low_confidence,UP,,,100.0,100.0,illustrative_scenario
new_forward,0,G05-0036,reversion,66,1790989200000,1790989500000,67,,0.45265774882851306,0.09468450234297388,0.14305914619451643,WAIT,low_confidence,UP,,,99.6004,99.6004,illustrative_scenario
new_forward,0,G05-0055,fly,66,1790989200000,1790989500000,67,,0.4867010773700966,0.026597845259806796,0.04237831075594702,WAIT,low_confidence,UP,,,99.63955295196699,99.63955295196699,illustrative_scenario
new_forward,0,G05-0059,volume,66,1790989200000,1790989500000,67,,0.4815879023090892,0.03682419538182158,0.11548886865098622,WAIT,low_confidence,UP,,,100.37635344,100.37635344,illustrative_scenario
new_forward,0,G03-0043,reversion,67,1790989500000,1790989800000,68,,0.4675734871179238,0.06485302576415242,0.1343455277459651,WAIT,low_confidence,DOWN,,,100.0,100.0,illustrative_scenario
new_forward,0,G04-0003,reversion,67,1790989500000,1790989800000,68,,0.46489244751314707,0.07021510497370587,0.13232499615696558,WAIT,low_confidence,DOWN,,,100.0,100.0,illustrative_scenario
new_forward,0,G05-0036,reversion,67,1790989500000,1790989800000,68,,0.47594390205574194,0.04811219588851612,0.14305914619451643,WAIT,low_confidence,DOWN,,,99.6004,99.6004,illustrative_scenario
new_forward,0,G05-0055,fly,67,1790989500000,1790989800000,68,,0.45199874284765057,0.09600251430469886,0.04237831075594702,DOWN,,DOWN,True,2.0,99.63955295196699,99.82687531151669,illustrative_scenario
new_forward,0,G05-0059,volume,67,1790989500000,1790989800000,68,,0.4759334699934813,0.04813306001303741,0.11548886865098622,WAIT,low_confidence,DOWN,,,100.37635344,100.37635344,illustrative_scenario
new_forward,0,G03-0043,reversion,68,1790989800000,1790990100000,69,,0.4625876462422259,0.07482470751554815,0.1343455277459651,WAIT,low_confidence,UP,,,100.0,100.0,illustrative_scenario
new_forward,0,G04-0003,reversion,68,1790989800000,1790990100000,69,,0.46874362135610365,0.06251275728779271,0.13232499615696558,WAIT,low_confidence,UP,,,100.0,100.0,illustrative_scenario
new_forward,0,G05-0036,reversion,68,1790989800000,1790990100000,69,,0.4403389705488779,0.11932205890224423,0.14305914619451643,WAIT,low_confidence,UP,,,99.6004,99.6004,illustrative_scenario
new_forward,0,G05-0055,fly,68,1790989800000,1790990100000,69,,0.4966040435088864,0.006791912982227255,0.04237831075594702,WAIT,low_confidence,UP,,,99.82687531151669,99.82687531151669,illustrative_scenario
new_forward,0,G05-0059,volume,68,1790989800000,1790990100000,69,,0.4936244112974789,0.012751177405042169,0.11548886865098622,WAIT,low_confidence,UP,,,100.37635344,100.37635344,illustrative_scenario
new_forward,0,G03-0043,reversion,69,1790990100000,1790990400000,70,,0.46204164399614434,0.07591671200771133,0.1343455277459651,WAIT,low_confidence,DOWN,,,100.0,100.0,illustrative_scenario
new_forward,0,G04-0003,reversion,69,1790990100000,1790990400000,70,,0.46632053848439475,0.0673589230312105,0.13232499615696558,WAIT,low_confidence,DOWN,,,100.0,100.0,illustrative_scenario
new_forward,0,G05-0036,reversion,69,1790990100000,1790990400000,70,,0.44864718655778835,0.1027056268844233,0.14305914619451643,WAIT,low_confidence,DOWN,,,99.6004,99.6004,illustrative_scenario
new_forward,0,G05-0055,fly,69,1790990100000,1790990400000,70,,0.48179938798699373,0.036401224026012535,0.04237831075594702,WAIT,low_confidence,DOWN,,,99.82687531151669,99.82687531151669,illustrative_scenario
new_forward,0,G05-0059,volume,69,1790990100000,1790990400000,70,,0.48633320075213016,0.027333598495739686,0.11548886865098622,WAIT,low_confidence,DOWN,,,100.37635344,100.37635344,illustrative_scenario
new_forward,0,G03-0043,reversion,70,1790990400000,1790990700000,71,,0.47561461526044313,0.04877076947911374,0.1343455277459651,WAIT,low_confidence,UP,,,100.0,100.0,illustrative_scenario
new_forward,0,G04-0003,reversion,70,1790990400000,1790990700000,71,,0.48062408875775425,0.038751822484491494,0.13232499615696558,WAIT,low_confidence,UP,,,100.0,100.0,illustrative_scenario
new_forward,0,G05-0036,reversion,70,1790990400000,1790990700000,71,,0.45438094874233287,0.09123810251533426,0.14305914619451643,WAIT,low_confidence,UP,,,99.6004,99.6004,illustrative_scenario
new_forward,0,G05-0055,fly,70,1790990400000,1790990700000,71,,0.5013895653995735,0.002779130799146934,0.04237831075594702,WAIT,low_confidence,UP,,,99.82687531151669,99.82687531151669,illustrative_scenario
new_forward,0,G05-0059,volume,70,1790990400000,1790990700000,71,,0.5020799717314866,0.004159943462973104,0.11548886865098622,WAIT,low_confidence,UP,,,100.37635344,100.37635344,illustrative_scenario
new_forward,0,G03-0043,reversion,71,1790990700000,1790991000000,72,,0.4891608574244325,0.021678285151135013,0.1343455277459651,WAIT,low_confidence,UP,,,100.0,100.0,illustrative_scenario
new_forward,0,G04-0003,reversion,71,1790990700000,1790991000000,72,,0.4871171124332147,0.02576577513357059,0.13232499615696558,WAIT,low_confidence,UP,,,100.0,100.0,illustrative_scenario
new_forward,0,G05-0036,reversion,71,1790990700000,1790991000000,72,,0.49156186569638566,0.016876268607228684,0.14305914619451643,WAIT,low_confidence,UP,,,99.6004,99.6004,illustrative_scenario
new_forward,0,G05-0055,fly,71,1790990700000,1790991000000,72,,0.47401410895637625,0.05197178208724751,0.04237831075594702,DOWN,,UP,False,2.0,99.82687531151669,99.62722156089366,illustrative_scenario
new_forward,0,G05-0059,volume,71,1790990700000,1790991000000,72,,0.4999208034570806,0.00015839308583875944,0.11548886865098622,WAIT,low_confidence,UP,,,100.37635344,100.37635344,illustrative_scenario
new_forward,0,G03-0043,reversion,72,1790991000000,1790991300000,73,,0.47400177997035997,0.05199644005928006,0.1343455277459651,WAIT,low_confidence,UP,,,100.0,100.0,illustrative_scenario
new_forward,0,G04-0003,reversion,72,1790991000000,1790991300000,73,,0.4764477986907599,0.047104402618480146,0.13232499615696558,WAIT,low_confidence,UP,,,100.0,100.0,illustrative_scenario
new_forward,0,G05-0036,reversion,72,1790991000000,1790991300000,73,,0.4591991095727269,0.08160178085454617,0.14305914619451643,WAIT,low_confidence,UP,,,99.6004,99.6004,illustrative_scenario
new_forward,0,G05-0055,fly,72,1790991000000,1790991300000,73,,0.48932207257603766,0.021355854847924682,0.04237831075594702,WAIT,low_confidence,UP,,,99.62722156089366,99.62722156089366,illustrative_scenario
new_forward,0,G05-0059,volume,72,1790991000000,1790991300000,73,,0.4995805049316956,0.0008389901366088193,0.11548886865098622,WAIT,low_confidence,UP,,,100.37635344,100.37635344,illustrative_scenario
new_forward,0,G03-0043,reversion,73,1790991300000,1790991600000,74,,0.462649232855919,0.07470153428816195,0.1343455277459651,WAIT,low_confidence,DOWN,,,100.0,100.0,illustrative_scenario
new_forward,0,G04-0003,reversion,73,1790991300000,1790991600000,74,,0.4614953084505944,0.07700938309881122,0.13232499615696558,WAIT,low_confidence,DOWN,,,100.0,100.0,illustrative_scenario
new_forward,0,G05-0036,reversion,73,1790991300000,1790991600000,74,,0.46192822049211274,0.07614355901577452,0.14305914619451643,WAIT,low_confidence,DOWN,,,99.6004,99.6004,illustrative_scenario
new_forward,0,G05-0055,fly,73,1790991300000,1790991600000,74,,0.45199159142868073,0.09601681714263854,0.04237831075594702,DOWN,,DOWN,True,2.0,99.62722156089366,99.81452073742814,illustrative_scenario
new_forward,0,G05-0059,volume,73,1790991300000,1790991600000,74,,0.4081666626814973,0.18366667463700537,0.11548886865098622,DOWN,,DOWN,True,2.0,100.37635344,100.56506098446721,illustrative_scenario
new_forward,0,G03-0043,reversion,74,1790991600000,1790991900000,75,,0.4485721584159087,0.10285568316818261,0.1343455277459651,WAIT,low_confidence,DOWN,,,100.0,100.0,illustrative_scenario
new_forward,0,G04-0003,reversion,74,1790991600000,1790991900000,75,,0.4535706316675913,0.09285873666481737,0.13232499615696558,WAIT,low_confidence,DOWN,,,100.0,100.0,illustrative_scenario
new_forward,0,G05-0036,reversion,74,1790991600000,1790991900000,75,,0.43525890256042093,0.12948219487915813,0.14305914619451643,WAIT,low_confidence,DOWN,,,99.6004,99.6004,illustrative_scenario
new_forward,0,G05-0055,fly,74,1790991600000,1790991900000,75,,0.4795977616309587,0.04080447673808263,0.04237831075594702,WAIT,low_confidence,DOWN,,,99.81452073742814,99.81452073742814,illustrative_scenario
new_forward,0,G05-0059,volume,74,1790991600000,1790991900000,75,,0.4940614342234602,0.011877131553079567,0.11548886865098622,WAIT,low_confidence,DOWN,,,100.56506098446721,100.56506098446721,illustrative_scenario
new_forward,0,G03-0043,reversion,75,1790991900000,1790992200000,76,,0.454462137628461,0.09107572474307801,0.1343455277459651,WAIT,low_confidence,DOWN,,,100.0,100.0,illustrative_scenario
new_forward,0,G04-0003,reversion,75,1790991900000,1790992200000,76,,0.4601852410840342,0.07962951783193162,0.13232499615696558,WAIT,low_confidence,DOWN,,,100.0,100.0,illustrative_scenario
new_forward,0,G05-0036,reversion,75,1790991900000,1790992200000,76,,0.44095184805398313,0.11809630389203374,0.14305914619451643,WAIT,low_confidence,DOWN,,,99.6004,99.6004,illustrative_scenario
new_forward,0,G05-0055,fly,75,1790991900000,1790992200000,76,,0.4840409683426515,0.03191806331469704,0.04237831075594702,WAIT,low_confidence,DOWN,,,99.81452073742814,99.81452073742814,illustrative_scenario
new_forward,0,G05-0059,volume,75,1790991900000,1790992200000,76,,0.5034851582214515,0.006970316442902913,0.11548886865098622,WAIT,low_confidence,DOWN,,,100.56506098446721,100.56506098446721,illustrative_scenario
new_forward,0,G03-0043,reversion,76,1790992200000,1790992500000,77,,0.4657944310379674,0.06841113792406517,0.1343455277459651,WAIT,low_confidence,UP,,,100.0,100.0,illustrative_scenario
new_forward,0,G04-0003,reversion,76,1790992200000,1790992500000,77,,0.47266291585795894,0.054674168284082114,0.13232499615696558,WAIT,low_confidence,UP,,,100.0,100.0,illustrative_scenario
new_forward,0,G05-0036,reversion,76,1790992200000,1790992500000,77,,0.44519527629374445,0.10960944741251111,0.14305914619451643,WAIT,low_confidence,UP,,,99.6004,99.6004,illustrative_scenario
new_forward,0,G05-0055,fly,76,1790992200000,1790992500000,77,,0.5015290751167207,0.00305815023344147,0.04237831075594702,WAIT,low_confidence,UP,,,99.81452073742814,99.81452073742814,illustrative_scenario
new_forward,0,G05-0059,volume,76,1790992200000,1790992500000,77,,0.5205907250514723,0.041181450102944606,0.11548886865098622,WAIT,low_confidence,UP,,,100.56506098446721,100.56506098446721,illustrative_scenario
new_forward,0,G03-0043,reversion,77,1790992500000,1790992800000,78,,0.4813372392826179,0.0373255214347642,0.1343455277459651,WAIT,low_confidence,DOWN,,,100.0,100.0,illustrative_scenario
new_forward,0,G04-0003,reversion,77,1790992500000,1790992800000,78,,0.47865776987560354,0.04268446024879291,0.13232499615696558,WAIT,low_confidence,DOWN,,,100.0,100.0,illustrative_scenario
new_forward,0,G05-0036,reversion,77,1790992500000,1790992800000,78,,0.48846748658440187,0.023065026831196267,0.14305914619451643,WAIT,low_confidence,DOWN,,,99.6004,99.6004,illustrative_scenario
new_forward,0,G05-0055,fly,77,1790992500000,1790992800000,78,,0.4637134493961154,0.07257310120776916,0.04237831075594702,DOWN,,DOWN,True,2.0,99.81452073742814,100.0021720364145,illustrative_scenario
new_forward,0,G05-0059,volume,77,1790992500000,1790992800000,78,,0.49344278215821635,0.013114435683567294,0.11548886865098622,WAIT,low_confidence,DOWN,,,100.56506098446721,100.56506098446721,illustrative_scenario
new_forward,0,G03-0043,reversion,78,1790992800000,1790993100000,79,,0.4715964679328153,0.05680706413436942,0.1343455277459651,WAIT,low_confidence,DOWN,,,100.0,100.0,illustrative_scenario
new_forward,0,G04-0003,reversion,78,1790992800000,1790993100000,79,,0.47702426812758514,0.045951463744829724,0.13232499615696558,WAIT,low_confidence,DOWN,,,100.0,100.0,illustrative_scenario
new_forward,0,G05-0036,reversion,78,1790992800000,1790993100000,79,,0.45102670923732546,0.09794658152534907,0.14305914619451643,WAIT,low_confidence,DOWN,,,99.6004,99.6004,illustrative_scenario
new_forward,0,G05-0055,fly,78,1790992800000,1790993100000,79,,0.5011623702750355,0.002324740550071036,0.04237831075594702,WAIT,low_confidence,DOWN,,,100.0021720364145,100.0021720364145,illustrative_scenario
new_forward,0,G05-0059,volume,78,1790992800000,1790993100000,79,,0.5174645893897547,0.03492917877950941,0.11548886865098622,WAIT,low_confidence,DOWN,,,100.56506098446721,100.56506098446721,illustrative_scenario
new_forward,0,G03-0043,reversion,79,1790993100000,1790993400000,80,,0.4942115002370649,0.011576999525870213,0.1343455277459651,WAIT,low_confidence,UP,,,100.0,100.0,illustrative_scenario
new_forward,0,G04-0003,reversion,79,1790993100000,1790993400000,80,,0.4926509369778263,0.014698126044347393,0.13232499615696558,WAIT,low_confidence,UP,,,100.0,100.0,illustrative_scenario
new_forward,0,G05-0036,reversion,79,1790993100000,1790993400000,80,,0.49164113647795005,0.016717727044099906,0.14305914619451643,WAIT,low_confidence,UP,,,99.6004,99.6004,illustrative_scenario
new_forward,0,G05-0055,fly,79,1790993100000,1790993400000,80,,0.48017406820063424,0.03965186359873152,0.04237831075594702,WAIT,low_confidence,UP,,,100.0021720364145,100.0021720364145,illustrative_scenario
new_forward,0,G05-0059,volume,79,1790993100000,1790993400000,80,,0.4673945817512457,0.06521083649750858,0.11548886865098622,WAIT,low_confidence,UP,,,100.56506098446721,100.56506098446721,illustrative_scenario
new_forward,0,G03-0043,reversion,80,1790993400000,1790993700000,81,,0.4938853973054797,0.012229205389040598,0.1343455277459651,WAIT,low_confidence,UP,,,100.0,100.0,illustrative_scenario
new_forward,0,G04-0003,reversion,80,1790993400000,1790993700000,81,,0.49002565715360175,0.01994868569279651,0.13232499615696558,WAIT,low_confidence,UP,,,100.0,100.0,illustrative_scenario
new_forward,0,G05-0036,reversion,80,1790993400000,1790993700000,81,,0.49871080913675225,0.0025783817264954934,0.14305914619451643,WAIT,low_confidence,UP,,,99.6004,99.6004,illustrative_scenario
new_forward,0,G05-0055,fly,80,1790993400000,1790993700000,81,,0.47068424580627155,0.0586315083874569,0.04237831075594702,DOWN,,UP,False,2.0,100.0021720364145,99.80216769234168,illustrative_scenario
new_forward,0,G05-0059,volume,80,1790993400000,1790993700000,81,,0.48565439418091616,0.02869121163816768,0.11548886865098622,WAIT,low_confidence,UP,,,100.56506098446721,100.56506098446721,illustrative_scenario
new_forward,0,G03-0043,reversion,81,1790993700000,1790994000000,82,,0.48146099071439585,0.03707801857120829,0.1343455277459651,WAIT,low_confidence,UP,,,100.0,100.0,illustrative_scenario
new_forward,0,G04-0003,reversion,81,1790993700000,1790994000000,82,,0.4805479287009954,0.03890414259800923,0.13232499615696558,WAIT,low_confidence,UP,,,100.0,100.0,illustrative_scenario
new_forward,0,G05-0036,reversion,81,1790993700000,1790994000000,82,,0.4788735135168106,0.042252972966378755,0.14305914619451643,WAIT,low_confidence,UP,,,99.6004,99.6004,illustrative_scenario
new_forward,0,G05-0055,fly,81,1790993700000,1790994000000,82,,0.47641086543671635,0.04717826912656731,0.04237831075594702,DOWN,,UP,False,2.0,99.80216769234168,99.602563356957,illustrative_scenario
new_forward,0,G05-0059,volume,81,1790993700000,1790994000000,82,,0.4876921062442609,0.024615787511478193,0.11548886865098622,WAIT,low_confidence,UP,,,100.56506098446721,100.56506098446721,illustrative_scenario
new_forward,0,G03-0043,reversion,82,1790994000000,1790994300000,83,,0.474179031509354,0.05164193698129205,0.1343455277459651,WAIT,low_confidence,DOWN,,,100.0,100.0,illustrative_scenario
new_forward,0,G04-0003,reversion,82,1790994000000,1790994300000,83,,0.4730113383683537,0.05397732326329263,0.13232499615696558,WAIT,low_confidence,DOWN,,,100.0,100.0,illustrative_scenario
new_forward,0,G05-0036,reversion,82,1790994000000,1790994300000,83,,0.478602918360278,0.042794163279443964,0.14305914619451643,WAIT,low_confidence,DOWN,,,99.6004,99.6004,illustrative_scenario
new_forward,0,G05-0055,fly,82,1790994000000,1790994300000,83,,0.46731250492700027,0.06537499014599946,0.04237831075594702,DOWN,,DOWN,True,2.0,99.602563356957,99.78981617606809,illustrative_scenario
new_forward,0,G05-0059,volume,82,1790994000000,1790994300000,83,,0.4879646992026508,0.024070601594698426,0.11548886865098622,WAIT,low_confidence,DOWN,,,100.56506098446721,100.56506098446721,illustrative_scenario
new_forward,0,G03-0043,reversion,83,1790994300000,1790994600000,84,,0.46498034588987225,0.0700393082202555,0.1343455277459651,WAIT,low_confidence,DOWN,,,100.0,100.0,illustrative_scenario
new_forward,0,G04-0003,reversion,83,1790994300000,1790994600000,84,,0.470718227108857,0.05856354578228595,0.13232499615696558,WAIT,low_confidence,DOWN,,,100.0,100.0,illustrative_scenario
new_forward,0,G05-0036,reversion,83,1790994300000,1790994600000,84,,0.445031845367464,0.10993630926507203,0.14305914619451643,WAIT,low_confidence,DOWN,,,99.6004,99.6004,illustrative_scenario
new_forward,0,G05-0055,fly,83,1790994300000,1790994600000,84,,0.49735449031374046,0.005291019372519079,0.04237831075594702,WAIT,low_confidence,DOWN,,,99.78981617606809,99.78981617606809,illustrative_scenario
new_forward,0,G05-0059,volume,83,1790994300000,1790994600000,84,,0.501009375076489,0.0020187501529780327,0.11548886865098622,WAIT,low_confidence,DOWN,,,100.56506098446721,100.56506098446721,illustrative_scenario
new_forward,0,G03-0043,reversion,84,1790994600000,1790994900000,85,,0.472735819077704,0.05452836184459198,0.1343455277459651,WAIT,low_confidence,UP,,,100.0,100.0,illustrative_scenario
new_forward,0,G04-0003,reversion,84,1790994600000,1790994900000,85,,0.4783976021780418,0.04320479564391644,0.13232499615696558,WAIT,low_confidence,UP,,,100.0,100.0,illustrative_scenario
new_forward,0,G05-0036,reversion,84,1790994600000,1790994900000,85,,0.45311043760007347,0.09377912479985306,0.14305914619451643,WAIT,low_confidence,UP,,,99.6004,99.6004,illustrative_scenario
new_forward,0,G05-0055,fly,84,1790994600000,1790994900000,85,,0.5035378746280645,0.0070757492561290825,0.04237831075594702,WAIT,low_confidence,UP,,,99.78981617606809,99.78981617606809,illustrative_scenario
new_forward,0,G05-0059,volume,84,1790994600000,1790994900000,85,,0.5107193374139137,0.021438674827827464,0.11548886865098622,WAIT,low_confidence,UP,,,100.56506098446721,100.56506098446721,illustrative_scenario
new_forward,0,G03-0043,reversion,85,1790994900000,1790995200000,86,,0.4873881297675527,0.025223740464894617,0.1343455277459651,WAIT,low_confidence,UP,,,100.0,100.0,illustrative_scenario
new_forward,0,G04-0003,reversion,85,1790994900000,1790995200000,86,,0.48419603050654036,0.03160793898691927,0.13232499615696558,WAIT,low_confidence,UP,,,100.0,100.0,illustrative_scenario
new_forward,0,G05-0036,reversion,85,1790994900000,1790995200000,86,,0.49218277777958425,0.015634444440831508,0.14305914619451643,WAIT,low_confidence,UP,,,99.6004,99.6004,illustrative_scenario
new_forward,0,G05-0055,fly,85,1790994900000,1790995200000,86,,0.469947640459275,0.06010471908144999,0.04237831075594702,DOWN,,UP,False,2.0,99.78981617606809,99.59023654371595,illustrative_scenario
new_forward,0,G05-0059,volume,85,1790994900000,1790995200000,86,,0.4826141787896435,0.034771642420712956,0.11548886865098622,WAIT,low_confidence,UP,,,100.56506098446721,100.56506098446721,illustrative_scenario
new_forward,0,G03-0043,reversion,86,1790995200000,1790995500000,87,,0.48545658002354386,0.02908683995291228,0.1343455277459651,WAIT,low_confidence,DOWN,,,100.0,100.0,illustrative_scenario
new_forward,0,G04-0003,reversion,86,1790995200000,1790995500000,87,,0.4835728586646502,0.032854282670699564,0.13232499615696558,WAIT,low_confidence,DOWN,,,100.0,100.0,illustrative_scenario
new_forward,0,G05-0036,reversion,86,1790995200000,1790995500000,87,,0.4848170447555664,0.030365910488867165,0.14305914619451643,WAIT,low_confidence,DOWN,,,99.6004,99.6004,illustrative_scenario
new_forward,0,G05-0055,fly,86,1790995200000,1790995500000,87,,0.4782731150815069,0.043453769836986234,0.04237831075594702,DOWN,,DOWN,True,2.0,99.59023654371595,99.77746618841813,illustrative_scenario
new_forward,0,G05-0059,volume,86,1790995200000,1790995500000,87,,0.49555981394782583,0.008880372104348333,0.11548886865098622,WAIT,low_confidence,DOWN,,,100.56506098446721,100.56506098446721,illustrative_scenario
new_forward,0,G03-0043,reversion,87,1790995500000,1790995800000,88,,0.47668556114575367,0.046628877708492666,0.1343455277459651,WAIT,low_confidence,DOWN,,,100.0,100.0,illustrative_scenario
new_forward,0,G04-0003,reversion,87,1790995500000,1790995800000,88,,0.47952132079513604,0.04095735840972792,0.13232499615696558,WAIT,low_confidence,DOWN,,,100.0,100.0,illustrative_scenario
new_forward,0,G05-0036,reversion,87,1790995500000,1790995800000,88,,0.46420505225526365,0.0715898954894727,0.14305914619451643,WAIT,low_confidence,DOWN,,,99.6004,99.6004,illustrative_scenario
new_forward,0,G05-0055,fly,87,1790995500000,1790995800000,88,,0.4938946645455695,0.012210670908860966,0.04237831075594702,WAIT,low_confidence,DOWN,,,99.77746618841813,99.77746618841813,illustrative_scenario
new_forward,0,G05-0059,volume,87,1790995500000,1790995800000,88,,0.5095899086468266,0.019179817293653256,0.11548886865098622,WAIT,low_confidence,DOWN,,,100.56506098446721,100.56506098446721,illustrative_scenario
new_forward,0,G03-0043,reversion,88,1790995800000,1790996100000,89,,0.4716090985512519,0.056781802897496236,0.1343455277459651,WAIT,low_confidence,DOWN,,,100.0,100.0,illustrative_scenario
new_forward,0,G04-0003,reversion,88,1790995800000,1790996100000,89,,0.47760961733187124,0.04478076533625752,0.13232499615696558,WAIT,low_confidence,DOWN,,,100.0,100.0,illustrative_scenario
new_forward,0,G05-0036,reversion,88,1790995800000,1790996100000,89,,0.44846758844054746,0.10306482311890508,0.14305914619451643,WAIT,low_confidence,DOWN,,,99.6004,99.6004,illustrative_scenario
new_forward,0,G05-0055,fly,88,1790995800000,1790996100000,89,,0.4992040990657155,0.0015918018685689983,0.04237831075594702,WAIT,low_confidence,DOWN,,,99.77746618841813,99.77746618841813,illustrative_scenario
new_forward,0,G05-0059,volume,88,1790995800000,1790996100000,89,,0.4455904885817979,0.10881902283640421,0.11548886865098622,WAIT,low_confidence,DOWN,,,100.56506098446721,100.56506098446721,illustrative_scenario
new_forward,0,G03-0043,reversion,89,1790996100000,1790996400000,90,,0.48101588910715637,0.03796822178568726,0.1343455277459651,WAIT,low_confidence,DOWN,,,100.0,100.0,illustrative_scenario
new_forward,0,G04-0003,reversion,89,1790996100000,1790996400000,90,,0.48519616450058667,0.029607670998826663,0.13232499615696558,WAIT,low_confidence,DOWN,,,100.0,100.0,illustrative_scenario
new_forward,0,G05-0036,reversion,89,1790996100000,1790996400000,90,,0.4621653801976696,0.07566923960466077,0.14305914619451643,WAIT,low_confidence,DOWN,,,99.6004,99.6004,illustrative_scenario
new_forward,0,G05-0055,fly,89,1790996100000,1790996400000,90,,0.5047713783533656,0.009542756706731215,0.04237831075594702,WAIT,low_confidence,DOWN,,,99.77746618841813,99.77746618841813,illustrative_scenario
new_forward,0,G05-0059,volume,89,1790996100000,1790996400000,90,,0.5159793895264158,0.03195877905283151,0.11548886865098622,WAIT,low_confidence,DOWN,,,100.56506098446721,100.56506098446721,illustrative_scenario
new_forward,0,G03-0043,reversion,91,1790996700000,1790997000000,92,,0.49687417123577937,0.006251657528441257,0.1343455277459651,WAIT,low_confidence,DOWN,,,100.0,100.0,illustrative_scenario
new_forward,0,G04-0003,reversion,91,1790996700000,1790997000000,92,,0.4934120461585585,0.013175907682883015,0.13232499615696558,WAIT,low_confidence,DOWN,,,100.0,100.0,illustrative_scenario
new_forward,0,G05-0036,reversion,91,1790996700000,1790997000000,92,,0.5019763228620086,0.003952645724017101,0.14305914619451643,WAIT,low_confidence,DOWN,,,99.6004,99.6004,illustrative_scenario
new_forward,0,G05-0055,fly,91,1790996700000,1790997000000,92,,0.4777398004518473,0.04452039909630545,0.04237831075594702,DOWN,,DOWN,True,2.0,99.77746618841813,99.96504782485236,illustrative_scenario
new_forward,0,G05-0059,volume,91,1790996700000,1790997000000,92,,0.49613400761816384,0.007731984763672317,0.11548886865098622,WAIT,low_confidence,DOWN,,,100.56506098446721,100.56506098446721,illustrative_scenario
new_forward,0,G03-0043,reversion,92,1790997000000,1790997300000,93,,0.495956429743601,0.008087140512798019,0.1343455277459651,WAIT,low_confidence,UP,,,100.0,100.0,illustrative_scenario
new_forward,0,G04-0003,reversion,92,1790997000000,1790997300000,93,,0.49223465691482227,0.015530686170355468,0.13232499615696558,WAIT,low_confidence,UP,,,100.0,100.0,illustrative_scenario
new_forward,0,G05-0036,reversion,92,1790997000000,1790997300000,93,,0.5008530566982285,0.0017061133964570985,0.14305914619451643,WAIT,low_confidence,UP,,,99.6004,99.6004,illustrative_scenario
new_forward,0,G05-0055,fly,92,1790997000000,1790997300000,93,,0.47749356049372005,0.0450128790125599,0.04237831075594702,DOWN,,UP,False,2.0,99.96504782485236,99.76511772920266,illustrative_scenario
new_forward,0,G05-0059,volume,92,1790997000000,1790997300000,93,,0.504882097337943,0.009764194675885962,0.11548886865098622,WAIT,low_confidence,UP,,,100.56506098446721,100.56506098446721,illustrative_scenario
new_forward,0,G03-0043,reversion,93,1790997300000,1790997600000,94,,0.47778517478500054,0.04442965042999891,0.1343455277459651,WAIT,low_confidence,DOWN,,,100.0,100.0,illustrative_scenario
new_forward,0,G04-0003,reversion,93,1790997300000,1790997600000,94,,0.47585208066785123,0.04829583866429754,0.13232499615696558,WAIT,low_confidence,DOWN,,,100.0,100.0,illustrative_scenario
new_forward,0,G05-0036,reversion,93,1790997300000,1790997600000,94,,0.4791363376563685,0.041727324687263034,0.14305914619451643,WAIT,low_confidence,DOWN,,,99.6004,99.6004,illustrative_scenario
new_forward,0,G05-0055,fly,93,1790997300000,1790997600000,94,,0.46973652667941546,0.06052694664116909,0.04237831075594702,DOWN,,DOWN,True,2.0,99.76511772920266,99.95267615053356,illustrative_scenario
new_forward,0,G05-0059,volume,93,1790997300000,1790997600000,94,,0.49250672813648083,0.014986543727038337,0.11548886865098622,WAIT,low_confidence,DOWN,,,100.56506098446721,100.56506098446721,illustrative_scenario
new_forward,0,G03-0043,reversion,94,1790997600000,1790997900000,95,,0.46900506624629246,0.061989867507415086,0.1343455277459651,WAIT,low_confidence,DOWN,,,100.0,100.0,illustrative_scenario
new_forward,0,G04-0003,reversion,94,1790997600000,1790997900000,95,,0.47044812632549393,0.05910374734901214,0.13232499615696558,WAIT,low_confidence,DOWN,,,100.0,100.0,illustrative_scenario
new_forward,0,G05-0036,reversion,94,1790997600000,1790997900000,95,,0.4619906592093706,0.0760186815812588,0.14305914619451643,WAIT,low_confidence,DOWN,,,99.6004,99.6004,illustrative_scenario
new_forward,0,G05-0055,fly,94,1790997600000,1790997900000,95,,0.48089553143796104,0.03820893712407791,0.04237831075594702,WAIT,low_confidence,DOWN,,,99.95267615053356,99.95267615053356,illustrative_scenario
new_forward,0,G05-0059,volume,94,1790997600000,1790997900000,95,,0.5003791511482193,0.0007583022964385844,0.11548886865098622,WAIT,low_confidence,DOWN,,,100.56506098446721,100.56506098446721,illustrative_scenario
new_forward,0,G03-0043,reversion,95,1790997900000,1790998200000,96,,0.4659086151196426,0.0681827697607148,0.1343455277459651,WAIT,low_confidence,UP,,,100.0,100.0,illustrative_scenario
new_forward,0,G04-0003,reversion,95,1790997900000,1790998200000,96,,0.47251528648484176,0.05496942703031649,0.13232499615696558,WAIT,low_confidence,UP,,,100.0,100.0,illustrative_scenario
new_forward,0,G05-0036,reversion,95,1790997900000,1790998200000,96,,0.4458011498070741,0.10839770038585184,0.14305914619451643,WAIT,low_confidence,UP,,,99.6004,99.6004,illustrative_scenario
new_forward,0,G05-0055,fly,95,1790997900000,1790998200000,96,,0.5002749287094864,0.0005498574189728433,0.04237831075594702,WAIT,low_confidence,UP,,,99.95267615053356,99.95267615053356,illustrative_scenario
new_forward,0,G05-0059,volume,95,1790997900000,1790998200000,96,,0.5035425595551015,0.007085119110203042,0.11548886865098622,WAIT,low_confidence,UP,,,100.56506098446721,100.56506098446721,illustrative_scenario
new_forward,0,G03-0043,reversion,96,1790998200000,1790998500000,97,,0.47835017904034605,0.04329964191930791,0.1343455277459651,WAIT,low_confidence,DOWN,,,100.0,100.0,illustrative_scenario
new_forward,0,G04-0003,reversion,96,1790998200000,1790998500000,97,,0.47770386391008207,0.04459227217983586,0.13232499615696558,WAIT,low_confidence,DOWN,,,100.0,100.0,illustrative_scenario
new_forward,0,G05-0036,reversion,96,1790998200000,1790998500000,97,,0.47921301258184007,0.04157397483631986,0.14305914619451643,WAIT,low_confidence,DOWN,,,99.6004,99.6004,illustrative_scenario
new_forward,0,G05-0055,fly,96,1790998200000,1790998500000,97,,0.4730453458796044,0.05390930824079121,0.04237831075594702,DOWN,,DOWN,True,2.0,99.95267615053356,100.14058718169656,illustrative_scenario
new_forward,0,G05-0059,volume,96,1790998200000,1790998500000,97,,0.4952603574421901,0.009479285115619795,0.11548886865098622,WAIT,low_confidence,DOWN,,,100.56506098446721,100.56506098446721,illustrative_scenario
new_forward,0,G03-0043,reversion,97,1790998500000,1790998800000,98,,0.476729894787338,0.04654021042532397,0.1343455277459651,WAIT,low_confidence,UP,,,100.0,100.0,illustrative_scenario
new_forward,0,G04-0003,reversion,97,1790998500000,1790998800000,98,,0.4831301388073621,0.03373972238527578,0.13232499615696558,WAIT,low_confidence,UP,,,100.0,100.0,illustrative_scenario
new_forward,0,G05-0036,reversion,97,1790998500000,1790998800000,98,,0.45164885741768784,0.09670228516462431,0.14305914619451643,WAIT,low_confidence,UP,,,99.6004,99.6004,illustrative_scenario
new_forward,0,G05-0055,fly,97,1790998500000,1790998800000,98,,0.5095839711768908,0.01916794235378161,0.04237831075594702,WAIT,low_confidence,UP,,,100.14058718169656,100.14058718169656,illustrative_scenario
new_forward,0,G05-0059,volume,97,1790998500000,1790998800000,98,,0.4833318600764575,0.03333627984708498,0.11548886865098622,WAIT,low_confidence,UP,,,100.56506098446721,100.56506098446721,illustrative_scenario
new_forward,0,G03-0043,reversion,98,1790998800000,1790999100000,99,,0.48924873696733706,0.021502526065325878,0.1343455277459651,WAIT,low_confidence,UP,,,100.0,100.0,illustrative_scenario
new_forward,0,G04-0003,reversion,98,1790998800000,1790999100000,99,,0.48620381105541066,0.027592377889178676,0.13232499615696558,WAIT,low_confidence,UP,,,100.0,100.0,illustrative_scenario
new_forward,0,G05-0036,reversion,98,1790998800000,1790999100000,99,,0.49688074669725646,0.006238506605487082,0.14305914619451643,WAIT,low_confidence,UP,,,99.6004,99.6004,illustrative_scenario
new_forward,0,G05-0055,fly,98,1790998800000,1790999100000,99,,0.46917235587451495,0.06165528825097011,0.04237831075594702,DOWN,,UP,False,2.0,100.14058718169656,99.94030600733316,illustrative_scenario
new_forward,0,G05-0059,volume,98,1790998800000,1790999100000,99,,0.4858985652771154,0.02820286944576922,0.11548886865098622,WAIT,low_confidence,UP,,,100.56506098446721,100.56506098446721,illustrative_scenario
new_forward,0,G03-0043,reversion,99,1790999100000,1790999400000,100,,0.49097601874882063,0.01804796250235874,0.1343455277459651,WAIT,low_confidence,DOWN,,,100.0,100.0,illustrative_scenario
new_forward,0,G04-0003,reversion,99,1790999100000,1790999400000,100,,0.4894639027318387,0.021072194536322586,0.13232499615696558,WAIT,low_confidence,DOWN,,,100.0,100.0,illustrative_scenario
new_forward,0,G05-0036,reversion,99,1790999100000,1790999400000,100,,0.48917877934651205,0.0216424413069759,0.14305914619451643,WAIT,low_confidence,DOWN,,,99.6004,99.6004,illustrative_scenario
new_forward,0,G05-0055,fly,99,1790999100000,1790999400000,100,,0.4834260584289349,0.03314788314213024,0.04237831075594702,WAIT,low_confidence,DOWN,,,99.94030600733316,99.94030600733316,illustrative_scenario
new_forward,0,G05-0059,volume,99,1790999100000,1790999400000,100,,0.5028953446621628,0.005790689324325582,0.11548886865098622,WAIT,low_confidence,DOWN,,,100.56506098446721,100.56506098446721,illustrative_scenario
new_forward,0,G03-0043,reversion,100,1790999400000,1790999700000,101,,0.47449681480190714,0.05100637039618572,0.1343455277459651,WAIT,low_confidence,DOWN,,,100.0,100.0,illustrative_scenario
new_forward,0,G04-0003,reversion,100,1790999400000,1790999700000,101,,0.4783169421355697,0.04336611572886062,0.13232499615696558,WAIT,low_confidence,DOWN,,,100.0,100.0,illustrative_scenario
new_forward,0,G05-0036,reversion,100,1790999400000,1790999700000,101,,0.4584975536995061,0.08300489260098776,0.14305914619451643,WAIT,low_confidence,DOWN,,,99.6004,99.6004,illustrative_scenario
new_forward,0,G05-0055,fly,100,1790999400000,1790999700000,101,,0.4959741678670987,0.008051664265802616,0.04237831075594702,WAIT,low_confidence,DOWN,,,99.94030600733316,99.94030600733316,illustrative_scenario
new_forward,0,G05-0059,volume,100,1790999400000,1790999700000,101,,0.5062025033259934,0.012405006651986739,0.11548886865098622,WAIT,low_confidence,DOWN,,,100.56506098446721,100.56506098446721,illustrative_scenario
new_forward,0,G03-0043,reversion,101,1790999700000,1791000000000,102,,0.4854635689337267,0.029072862132546562,0.1343455277459651,WAIT,low_confidence,UP,,,100.0,100.0,illustrative_scenario
new_forward,0,G04-0003,reversion,101,1790999700000,1791000000000,102,,0.4827082072537794,0.03458358549244123,0.13232499615696558,WAIT,low_confidence,UP,,,100.0,100.0,illustrative_scenario
new_forward,0,G05-0036,reversion,101,1790999700000,1791000000000,102,,0.4928586864904816,0.01428262701903682,0.14305914619451643,WAIT,low_confidence,UP,,,99.6004,99.6004,illustrative_scenario
new_forward,0,G05-0055,fly,101,1790999700000,1791000000000,102,,0.4705382484201339,0.05892350315973216,0.04237831075594702,DOWN,,UP,False,2.0,99.94030600733316,99.7404253953185,illustrative_scenario
new_forward,0,G05-0059,volume,101,1790999700000,1791000000000,102,,0.5000377718031844,7.554360636885527e-05,0.11548886865098622,WAIT,low_confidence,UP,,,100.56506098446721,100.56506098446721,illustrative_scenario
new_forward,0,G03-0043,reversion,102,1791000000000,1791000300000,103,,0.4863999229325692,0.027200154134861654,0.1343455277459651,WAIT,low_confidence,DOWN,,,100.0,100.0,illustrative_scenario
new_forward,0,G04-0003,reversion,102,1791000000000,1791000300000,103,,0.4833746604598205,0.03325067908035895,0.13232499615696558,WAIT,low_confidence,DOWN,,,100.0,100.0,illustrative_scenario
new_forward,0,G05-0036,reversion,102,1791000000000,1791000300000,103,,0.4932051232324693,0.013589753535061422,0.14305914619451643,WAIT,low_confidence,DOWN,,,99.6004,99.6004,illustrative_scenario
new_forward,0,G05-0055,fly,102,1791000000000,1791000300000,103,,0.46855996077734463,0.06288007844531074,0.04237831075594702,DOWN,,DOWN,True,2.0,99.7404253953185,99.92793739506169,illustrative_scenario
new_forward,0,G05-0059,volume,102,1791000000000,1791000300000,103,,0.47930735665168417,0.04138528669663166,0.11548886865098622,WAIT,low_confidence,DOWN,,,100.56506098446721,100.56506098446721,illustrative_scenario
new_forward,0,G03-0043,reversion,103,1791000300000,1791000600000,104,,0.46664887475439165,0.0667022504912167,0.1343455277459651,WAIT,low_confidence,UP,,,100.0,100.0,illustrative_scenario
new_forward,0,G04-0003,reversion,103,1791000300000,1791000600000,104,,0.47274664473375455,0.0545067105324909,0.13232499615696558,WAIT,low_confidence,UP,,,100.0,100.0,illustrative_scenario
new_forward,0,G05-0036,reversion,103,1791000300000,1791000600000,104,,0.44535962326475664,0.10928075347048671,0.14305914619451643,WAIT,low_confidence,UP,,,99.6004,99.6004,illustrative_scenario
new_forward,0,G05-0055,fly,103,1791000300000,1791000600000,104,,0.5012743332619937,0.0025486665239873307,0.04237831075594702,WAIT,low_confidence,UP,,,99.92793739506169,99.92793739506169,illustrative_scenario
new_forward,0,G05-0059,volume,103,1791000300000,1791000600000,104,,0.49532153766601433,0.009356924667971334,0.11548886865098622,WAIT,low_confidence,UP,,,100.56506098446721,100.56506098446721,illustrative_scenario
new_forward,0,G03-0043,reversion,104,1791000600000,1791000900000,105,,0.4820445892091024,0.03591082158179515,0.1343455277459651,WAIT,low_confidence,DOWN,,,100.0,100.0,illustrative_scenario
new_forward,0,G04-0003,reversion,104,1791000600000,1791000900000,105,,0.4791853802219888,0.04162923955602238,0.13232499615696558,WAIT,low_confidence,DOWN,,,100.0,100.0,illustrative_scenario
new_forward,0,G05-0036,reversion,104,1791000600000,1791000900000,105,,0.48886284720207995,0.022274305595840094,0.14305914619451643,WAIT,low_confidence,DOWN,,,99.6004,99.6004,illustrative_scenario
new_forward,0,G05-0055,fly,104,1791000600000,1791000900000,105,,0.46470018021777537,0.07059963956444926,0.04237831075594702,DOWN,,DOWN,True,2.0,99.92793739506169,100.11580191736441,illustrative_scenario
new_forward,0,G05-0059,volume,104,1791000600000,1791000900000,105,,0.46632840473677967,0.06734319052644067,0.11548886865098622,WAIT,low_confidence,DOWN,,,100.56506098446721,100.56506098446721,illustrative_scenario
new_forward,0,G03-0043,reversion,105,1791000900000,1791001200000,106,,0.4907295926359828,0.01854081472803437,0.1343455277459651,WAIT,low_confidence,DOWN,,,100.0,100.0,illustrative_scenario
new_forward,0,G04-0003,reversion,105,1791000900000,1791001200000,106,,0.498567109076283,0.0028657818474340235,0.13232499615696558,WAIT,low_confidence,DOWN,,,100.0,100.0,illustrative_scenario
new_forward,0,G05-0036,reversion,105,1791000900000,1791001200000,106,,0.4588088467653476,0.08238230646930478,0.14305914619451643,WAIT,low_confidence,DOWN,,,99.6004,99.6004,illustrative_scenario
new_forward,0,G05-0055,fly,105,1791000900000,1791001200000,106,,0.5243720156866625,0.04874403137332495,0.04237831075594702,UP,,DOWN,False,2.0,100.11580191736441,99.91557031352968,illustrative_scenario
new_forward,0,G05-0059,volume,105,1791000900000,1791001200000,106,,0.46849396865249704,0.06301206269500592,0.11548886865098622,WAIT,low_confidence,DOWN,,,100.56506098446721,100.56506098446721,illustrative_scenario
new_forward,0,G03-0043,reversion,106,1791001200000,1791001500000,107,,0.5040878008177894,0.008175601635578733,0.1343455277459651,WAIT,low_confidence,DOWN,,,100.0,100.0,illustrative_scenario
new_forward,0,G04-0003,reversion,106,1791001200000,1791001500000,107,,0.5054624663708343,0.010924932741668503,0.13232499615696558,WAIT,low_confidence,DOWN,,,100.0,100.0,illustrative_scenario
new_forward,0,G05-0036,reversion,106,1791001200000,1791001500000,107,,0.49140919160828556,0.017181616783428888,0.14305914619451643,WAIT,low_confidence,DOWN,,,99.6004,99.6004,illustrative_scenario
new_forward,0,G05-0055,fly,106,1791001200000,1791001500000,107,,0.5042270594884534,0.008454118976906733,0.04237831075594702,WAIT,low_confidence,DOWN,,,99.91557031352968,99.91557031352968,illustrative_scenario
new_forward,0,G05-0059,volume,106,1791001200000,1791001500000,107,,0.519520566502443,0.0390411330048861,0.11548886865098622,WAIT,low_confidence,DOWN,,,100.56506098446721,100.56506098446721,illustrative_scenario
new_forward,0,G03-0043,reversion,108,1791001800000,1791002100000,109,,0.5126113850834193,0.025222770166838604,0.1343455277459651,WAIT,low_confidence,DOWN,,,100.0,100.0,illustrative_scenario
new_forward,0,G04-0003,reversion,108,1791001800000,1791002100000,109,,0.5123923878021697,0.024784775604339337,0.13232499615696558,WAIT,low_confidence,DOWN,,,100.0,100.0,illustrative_scenario
new_forward,0,G05-0036,reversion,108,1791001800000,1791002100000,109,,0.4981546913822657,0.003690617235468596,0.14305914619451643,WAIT,low_confidence,DOWN,,,99.6004,99.6004,illustrative_scenario
new_forward,0,G05-0055,fly,108,1791001800000,1791002100000,109,,0.5012906061516069,0.0025812123032138423,0.04237831075594702,WAIT,low_confidence,DOWN,,,99.91557031352968,99.91557031352968,illustrative_scenario
new_forward,0,G05-0059,volume,108,1791001800000,1791002100000,109,,0.4547032151603158,0.09059356967936838,0.11548886865098622,WAIT,low_confidence,DOWN,,,100.56506098446721,100.56506098446721,illustrative_scenario
new_forward,0,G03-0043,reversion,109,1791002100000,1791002400000,110,,0.5222080706135913,0.044416141227182626,0.1343455277459651,WAIT,low_confidence,UP,,,100.0,100.0,illustrative_scenario
new_forward,0,G04-0003,reversion,109,1791002100000,1791002400000,110,,0.5253832192656437,0.05076643853128737,0.13232499615696558,WAIT,low_confidence,UP,,,100.0,100.0,illustrative_scenario
new_forward,0,G05-0036,reversion,109,1791002100000,1791002400000,110,,0.4955432179093698,0.008913564181260436,0.14305914619451643,WAIT,low_confidence,UP,,,99.6004,99.6004,illustrative_scenario
new_forward,0,G05-0055,fly,109,1791002100000,1791002400000,110,,0.5339145584964025,0.06782911699280492,0.04237831075594702,UP,,UP,True,2.0,99.91557031352968,100.10341158571912,illustrative_scenario
new_forward,0,G05-0059,volume,109,1791002100000,1791002400000,110,,0.5334581027703355,0.0669162055406709,0.11548886865098622,WAIT,low_confidence,UP,,,100.56506098446721,100.56506098446721,illustrative_scenario
new_forward,0,G03-0043,reversion,110,1791002400000,1791002700000,111,,0.5133094724687464,0.026618944937492728,0.1343455277459651,WAIT,low_confidence,UP,,,100.0,100.0,illustrative_scenario
new_forward,0,G04-0003,reversion,110,1791002400000,1791002700000,111,,0.5131672661128821,0.026334532225764207,0.13232499615696558,WAIT,low_confidence,UP,,,100.0,100.0,illustrative_scenario
new_forward,0,G05-0036,reversion,110,1791002400000,1791002700000,111,,0.4952272233201568,0.009545553359686432,0.14305914619451643,WAIT,low_confidence,UP,,,99.6004,99.6004,illustrative_scenario
new_forward,0,G05-0055,fly,110,1791002400000,1791002700000,111,,0.5021761806179671,0.004352361235934188,0.04237831075594702,WAIT,low_confidence,UP,,,100.10341158571912,100.10341158571912,illustrative_scenario
new_forward,0,G05-0059,volume,110,1791002400000,1791002700000,111,,0.45530040270034255,0.08939919459931489,0.11548886865098622,WAIT,low_confidence,UP,,,100.56506098446721,100.56506098446721,illustrative_scenario
new_forward,0,G03-0043,reversion,111,1791002700000,1791003000000,112,,0.5040513430106136,0.008102686021227212,0.1343455277459651,WAIT,low_confidence,UP,,,100.0,100.0,illustrative_scenario
new_forward,0,G04-0003,reversion,111,1791002700000,1791003000000,112,,0.498634744262063,0.002730511475873998,0.13232499615696558,WAIT,low_confidence,UP,,,100.0,100.0,illustrative_scenario
new_forward,0,G05-0036,reversion,111,1791002700000,1791003000000,112,,0.5078330868832353,0.015666173766470504,0.14305914619451643,WAIT,low_confidence,UP,,,99.6004,99.6004,illustrative_scenario
new_forward,0,G05-0055,fly,111,1791002700000,1791003000000,112,,0.478551538454533,0.04289692309093396,0.04237831075594702,DOWN,,UP,False,2.0,100.10341158571912,99.90320476254767,illustrative_scenario
new_forward,0,G05-0059,volume,111,1791002700000,1791003000000,112,,0.5117350920325981,0.023470184065196298,0.11548886865098622,WAIT,low_confidence,UP,,,100.56506098446721,100.56506098446721,illustrative_scenario
new_forward,0,G03-0043,reversion,112,1791003000000,1791003300000,113,,0.48460634004409214,0.030787319911815714,0.1343455277459651,WAIT,low_confidence,DOWN,,,100.0,100.0,illustrative_scenario
new_forward,0,G04-0003,reversion,112,1791003000000,1791003300000,113,,0.4807102732732924,0.03857945345341518,0.13232499615696558,WAIT,low_confidence,DOWN,,,100.0,100.0,illustrative_scenario
new_forward,0,G05-0036,reversion,112,1791003000000,1791003300000,113,,0.49377713198150897,0.012445736036982069,0.14305914619451643,WAIT,low_confidence,DOWN,,,99.6004,99.6004,illustrative_scenario
new_forward,0,G05-0055,fly,112,1791003000000,1791003300000,113,,0.46405561009608476,0.07188877980783048,0.04237831075594702,DOWN,,DOWN,True,2.0,99.90320476254767,100.09102278750126,illustrative_scenario
new_forward,0,G05-0059,volume,112,1791003000000,1791003300000,113,,0.49726795882385116,0.005464082352297672,0.11548886865098622,WAIT,low_confidence,DOWN,,,100.56506098446721,100.56506098446721,illustrative_scenario
new_forward,0,G03-0043,reversion,113,1791003300000,1791003600000,114,,0.4655346414923849,0.06893071701523024,0.1343455277459651,WAIT,low_confidence,DOWN,,,100.0,100.0,illustrative_scenario
new_forward,0,G04-0003,reversion,113,1791003300000,1791003600000,114,,0.4714111260588279,0.0571777478823442,0.13232499615696558,WAIT,low_confidence,DOWN,,,100.0,100.0,illustrative_scenario
new_forward,0,G05-0036,reversion,113,1791003300000,1791003600000,114,,0.4464181450109807,0.10716370997803859,0.14305914619451643,WAIT,low_confidence,DOWN,,,99.6004,99.6004,illustrative_scenario
new_forward,0,G05-0055,fly,113,1791003300000,1791003600000,114,,0.5000353094360855,7.061887217107987e-05,0.04237831075594702,WAIT,low_confidence,DOWN,,,100.09102278750126,100.09102278750126,illustrative_scenario
new_forward,0,G05-0059,volume,113,1791003300000,1791003600000,114,,0.5221376385002607,0.044275277000521474,0.11548886865098622,WAIT,low_confidence,DOWN,,,100.56506098446721,100.56506098446721,illustrative_scenario
new_forward,0,G03-0043,reversion,114,1791003600000,1791003900000,115,,0.48166453126213843,0.03667093747572314,0.1343455277459651,WAIT,low_confidence,UP,,,100.0,100.0,illustrative_scenario
new_forward,0,G04-0003,reversion,114,1791003600000,1791003900000,115,,0.48306121133421176,0.03387757733157648,0.13232499615696558,WAIT,low_confidence,UP,,,100.0,100.0,illustrative_scenario
new_forward,0,G05-0036,reversion,114,1791003600000,1791003900000,115,,0.475980476931832,0.04803904613633603,0.14305914619451643,WAIT,low_confidence,UP,,,99.6004,99.6004,illustrative_scenario
new_forward,0,G05-0055,fly,114,1791003600000,1791003900000,115,,0.48743648058604755,0.0251270388279049,0.04237831075594702,WAIT,low_confidence,UP,,,100.09102278750126,100.09102278750126,illustrative_scenario
new_forward,0,G05-0059,volume,114,1791003600000,1791003900000,115,,0.5137832700833462,0.027566540166692466,0.11548886865098622,WAIT,low_confidence,UP,,,100.56506098446721,100.56506098446721,illustrative_scenario
new_forward,0,G03-0043,reversion,115,1791003900000,1791004200000,116,,0.4700542247248417,0.059891550550316586,0.1343455277459651,WAIT,low_confidence,DOWN,,,100.0,100.0,illustrative_scenario
new_forward,0,G04-0003,reversion,115,1791003900000,1791004200000,116,,0.4673922813939838,0.06521543721203238,0.13232499615696558,WAIT,low_confidence,DOWN,,,100.0,100.0,illustrative_scenario
new_forward,0,G05-0036,reversion,115,1791003900000,1791004200000,116,,0.47933325657585385,0.0413334868482923,0.14305914619451643,WAIT,low_confidence,DOWN,,,99.6004,99.6004,illustrative_scenario
new_forward,0,G05-0055,fly,115,1791003900000,1791004200000,116,,0.45880686218730204,0.08238627562539591,0.04237831075594702,DOWN,,DOWN,True,2.0,100.09102278750126,100.27919391034176,illustrative_scenario
new_forward,0,G05-0059,volume,115,1791003900000,1791004200000,116,,0.49066769640048574,0.018664607199028516,0.11548886865098622,WAIT,low_confidence,DOWN,,,100.56506098446721,100.56506098446721,illustrative_scenario
new_forward,0,G03-0043,reversion,116,1791004200000,1791004500000,117,,0.4693838337475454,0.061232332504909226,0.1343455277459651,WAIT,low_confidence,UP,,,100.0,100.0,illustrative_scenario
new_forward,0,G04-0003,reversion,116,1791004200000,1791004500000,117,,0.4744002824626346,0.05119943507473079,0.13232499615696558,WAIT,low_confidence,UP,,,100.0,100.0,illustrative_scenario
new_forward,0,G05-0036,reversion,116,1791004200000,1791004500000,117,,0.4513205818900892,0.09735883621982155,0.14305914619451643,WAIT,low_confidence,UP,,,99.6004,99.6004,illustrative_scenario
new_forward,0,G05-0055,fly,116,1791004200000,1791004500000,117,,0.5005351931152585,0.0010703862305170286,0.04237831075594702,WAIT,low_confidence,UP,,,100.27919391034176,100.27919391034176,illustrative_scenario
new_forward,0,G05-0059,volume,116,1791004200000,1791004500000,117,,0.5143042709213553,0.028608541842710666,0.11548886865098622,WAIT,low_confidence,UP,,,100.56506098446721,100.56506098446721,illustrative_scenario
new_forward,0,G03-0043,reversion,117,1791004500000,1791004800000,118,,0.4795009452053618,0.04099810958927641,0.1343455277459651,WAIT,low_confidence,UP,,,100.0,100.0,illustrative_scenario
new_forward,0,G04-0003,reversion,117,1791004500000,1791004800000,118,,0.47831953041140307,0.04336093917719386,0.13232499615696558,WAIT,low_confidence,UP,,,100.0,100.0,illustrative_scenario
new_forward,0,G05-0036,reversion,117,1791004500000,1791004800000,118,,0.4858206112542063,0.02835877749158744,0.14305914619451643,WAIT,low_confidence,UP,,,99.6004,99.6004,illustrative_scenario
new_forward,0,G05-0055,fly,117,1791004500000,1791004800000,118,,0.46992741990781306,0.06014516018437388,0.04237831075594702,DOWN,,UP,False,2.0,100.27919391034176,100.07863552252108,illustrative_scenario
new_forward,0,G05-0059,volume,117,1791004500000,1791004800000,118,,0.4993786618385407,0.0012426763229186344,0.11548886865098622,WAIT,low_confidence,UP,,,100.56506098446721,100.56506098446721,illustrative_scenario
new_forward,0,G03-0043,reversion,118,1791004800000,1791005100000,119,,0.4892959262819338,0.021408147436132396,0.1343455277459651,WAIT,low_confidence,DOWN,,,100.0,100.0,illustrative_scenario
new_forward,0,G04-0003,reversion,118,1791004800000,1791005100000,119,,0.4858986469081273,0.02820270618374543,0.13232499615696558,WAIT,low_confidence,DOWN,,,100.0,100.0,illustrative_scenario
new_forward,0,G05-0036,reversion,118,1791004800000,1791005100000,119,,0.4980427217828454,0.003914556434309158,0.14305914619451643,WAIT,low_confidence,DOWN,,,99.6004,99.6004,illustrative_scenario
new_forward,0,G05-0055,fly,118,1791004800000,1791005100000,119,,0.46972794937616336,0.06054410124767329,0.04237831075594702,DOWN,,DOWN,True,2.0,100.07863552252108,100.26678335730342,illustrative_scenario
new_forward,0,G05-0059,volume,118,1791004800000,1791005100000,119,,0.4970719291365844,0.005856141726831243,0.11548886865098622,WAIT,low_confidence,DOWN,,,100.56506098446721,100.56506098446721,illustrative_scenario
new_forward,0,G03-0043,reversion,119,1791005100000,1791005400000,120,,0.4639289838409717,0.0721420323180566,0.1343455277459651,WAIT,low_confidence,UP,,,100.0,100.0,illustrative_scenario
new_forward,0,G04-0003,reversion,119,1791005100000,1791005400000,120,,0.4703495787195247,0.059300842560950584,0.13232499615696558,WAIT,low_confidence,UP,,,100.0,100.0,illustrative_scenario
new_forward,0,G05-0036,reversion,119,1791005100000,1791005400000,120,,0.4459770398477637,0.10804592030447258,0.14305914619451643,WAIT,low_confidence,UP,,,99.6004,99.6004,illustrative_scenario
new_forward,0,G05-0055,fly,119,1791005100000,1791005400000,120,,0.49535482174476564,0.009290356510468722,0.04237831075594702,WAIT,low_confidence,UP,,,100.26678335730342,100.26678335730342,illustrative_scenario
new_forward,0,G05-0059,volume,119,1791005100000,1791005400000,120,,0.4831254924734124,0.03374901505317518,0.11548886865098622,WAIT,low_confidence,UP,,,100.56506098446721,100.56506098446721,illustrative_scenario
new_forward,0,G03-0043,reversion,120,1791005400000,1791005700000,121,,0.4721926394165131,0.055614721166973746,0.1343455277459651,WAIT,low_confidence,DOWN,,,100.0,100.0,illustrative_scenario
new_forward,0,G04-0003,reversion,120,1791005400000,1791005700000,121,,0.47420985431303925,0.051580291373921505,0.13232499615696558,WAIT,low_confidence,DOWN,,,100.0,100.0,illustrative_scenario
new_forward,0,G05-0036,reversion,120,1791005400000,1791005700000,121,,0.46858620730983325,0.0628275853803335,0.14305914619451643,WAIT,low_confidence,DOWN,,,99.6004,99.6004,illustrative_scenario
new_forward,0,G05-0055,fly,120,1791005400000,1791005700000,121,,0.4808345493336394,0.03833090133272121,0.04237831075594702,WAIT,low_confidence,DOWN,,,100.26678335730342,100.26678335730342,illustrative_scenario
new_forward,0,G05-0059,volume,120,1791005400000,1791005700000,121,,0.5012526718806724,0.0025053437613447027,0.11548886865098622,WAIT,low_confidence,DOWN,,,100.56506098446721,100.56506098446721,illustrative_scenario
new_forward,0,G03-0043,reversion,121,1791005700000,1791006000000,122,,0.4824424889713318,0.03511502205733641,0.1343455277459651,WAIT,low_confidence,DOWN,,,100.0,100.0,illustrative_scenario
new_forward,0,G04-0003,reversion,121,1791005700000,1791006000000,122,,0.4813475638806862,0.03730487223862755,0.13232499615696558,WAIT,low_confidence,DOWN,,,100.0,100.0,illustrative_scenario
new_forward,0,G05-0036,reversion,121,1791005700000,1791006000000,122,,0.48724899572613795,0.02550200854772411,0.14305914619451643,WAIT,low_confidence,DOWN,,,99.6004,99.6004,illustrative_scenario
new_forward,0,G05-0055,fly,121,1791005700000,1791006000000,122,,0.4722505827705782,0.05549883445884363,0.04237831075594702,DOWN,,DOWN,True,2.0,100.26678335730342,100.45528491001515,illustrative_scenario
new_forward,0,G05-0059,volume,121,1791005700000,1791006000000,122,,0.48476374074355166,0.030472518512896674,0.11548886865098622,WAIT,low_confidence,DOWN,,,100.56506098446721,100.56506098446721,illustrative_scenario
new_forward,0,G03-0043,reversion,122,1791006000000,1791006300000,123,,0.4705660276342828,0.05886794473143442,0.1343455277459651,WAIT,low_confidence,UP,,,100.0,100.0,illustrative_scenario
new_forward,0,G04-0003,reversion,122,1791006000000,1791006300000,123,,0.4756563900875618,0.04868721982487645,0.13232499615696558,WAIT,low_confidence,UP,,,100.0,100.0,illustrative_scenario
new_forward,0,G05-0036,reversion,122,1791006000000,1791006300000,123,,0.4555105873759243,0.08897882524815137,0.14305914619451643,WAIT,low_confidence,UP,,,99.6004,99.6004,illustrative_scenario
new_forward,0,G05-0055,fly,122,1791006000000,1791006300000,123,,0.4970062793777841,0.005987441244431846,0.04237831075594702,WAIT,low_confidence,UP,,,100.45528491001515,100.45528491001515,illustrative_scenario
new_forward,0,G05-0059,volume,122,1791006000000,1791006300000,123,,0.5015376523301633,0.003075304660326683,0.11548886865098622,WAIT,low_confidence,UP,,,100.56506098446721,100.56506098446721,illustrative_scenario
new_forward,0,G03-0043,reversion,123,1791006300000,1791006600000,124,,0.47990388815752283,0.04019222368495434,0.1343455277459651,WAIT,low_confidence,DOWN,,,100.0,100.0,illustrative_scenario
new_forward,0,G04-0003,reversion,123,1791006300000,1791006600000,124,,0.48156473201332234,0.03687053597335532,0.13232499615696558,WAIT,low_confidence,DOWN,,,100.0,100.0,illustrative_scenario
new_forward,0,G05-0036,reversion,123,1791006300000,1791006600000,124,,0.4722869345616538,0.05542613087669235,0.14305914619451643,WAIT,low_confidence,DOWN,,,99.6004,99.6004,illustrative_scenario
new_forward,0,G05-0055,fly,123,1791006300000,1791006600000,124,,0.48799769591650893,0.024004608166982133,0.04237831075594702,WAIT,low_confidence,DOWN,,,100.45528491001515,100.45528491001515,illustrative_scenario
new_forward,0,G05-0059,volume,123,1791006300000,1791006600000,124,,0.4945189130173371,0.010962173965325839,0.11548886865098622,WAIT,low_confidence,DOWN,,,100.56506098446721,100.56506098446721,illustrative_scenario
new_forward,0,G03-0043,reversion,124,1791006600000,1791006900000,125,,0.4863818140871562,0.02723637182568761,0.1343455277459651,WAIT,low_confidence,DOWN,,,100.0,100.0,illustrative_scenario
new_forward,0,G04-0003,reversion,124,1791006600000,1791006900000,125,,0.48630529802581407,0.02738940394837186,0.13232499615696558,WAIT,low_confidence,DOWN,,,100.0,100.0,illustrative_scenario
new_forward,0,G05-0036,reversion,124,1791006600000,1791006900000,125,,0.48206567590426774,0.035868648191464514,0.14305914619451643,WAIT,low_confidence,DOWN,,,99.6004,99.6004,illustrative_scenario
new_forward,0,G05-0055,fly,124,1791006600000,1791006900000,125,,0.4870702615085897,0.02585947698282065,0.04237831075594702,WAIT,low_confidence,DOWN,,,100.45528491001515,100.45528491001515,illustrative_scenario
new_forward,0,G05-0059,volume,124,1791006600000,1791006900000,125,,0.5033221781214949,0.006644356242989868,0.11548886865098622,WAIT,low_confidence,DOWN,,,100.56506098446721,100.56506098446721,illustrative_scenario
new_forward,0,G03-0043,reversion,125,1791006900000,1791007200000,126,,0.4732014900689313,0.053597019862137385,0.1343455277459651,WAIT,low_confidence,UP,,,100.0,100.0,illustrative_scenario
new_forward,0,G04-0003,reversion,125,1791006900000,1791007200000,126,,0.47750166949017775,0.0449966610196445,0.13232499615696558,WAIT,low_confidence,UP,,,100.0,100.0,illustrative_scenario
new_forward,0,G05-0036,reversion,125,1791006900000,1791007200000,126,,0.45739300477593015,0.08521399044813971,0.14305914619451643,WAIT,low_confidence,UP,,,99.6004,99.6004,illustrative_scenario
new_forward,0,G05-0055,fly,125,1791006900000,1791007200000,126,,0.4987984511185117,0.002403097762976647,0.04237831075594702,WAIT,low_confidence,UP,,,100.45528491001515,100.45528491001515,illustrative_scenario
new_forward,0,G05-0059,volume,125,1791006900000,1791007200000,126,,0.512682078001151,0.025364156002301907,0.11548886865098622,WAIT,low_confidence,UP,,,100.56506098446721,100.56506098446721,illustrative_scenario
new_forward,0,G03-0043,reversion,126,1791007200000,1791007500000,127,,0.4769617356004675,0.046076528799064986,0.1343455277459651,WAIT,low_confidence,UP,,,100.0,100.0,illustrative_scenario
new_forward,0,G04-0003,reversion,126,1791007200000,1791007500000,127,,0.47932379296746064,0.041352414065078724,0.13232499615696558,WAIT,low_confidence,UP,,,100.0,100.0,illustrative_scenario
new_forward,0,G05-0036,reversion,126,1791007200000,1791007500000,127,,0.4671398242166733,0.06572035156665335,0.14305914619451643,WAIT,low_confidence,UP,,,99.6004,99.6004,illustrative_scenario
new_forward,0,G05-0055,fly,126,1791007200000,1791007500000,127,,0.490401855594302,0.01919628881139601,0.04237831075594702,WAIT,low_confidence,UP,,,100.45528491001515,100.45528491001515,illustrative_scenario
new_forward,0,G05-0059,volume,126,1791007200000,1791007500000,127,,0.4974569730056107,0.005086053988778594,0.11548886865098622,WAIT,low_confidence,UP,,,100.56506098446721,100.56506098446721,illustrative_scenario
new_forward,0,G03-0043,reversion,127,1791007500000,1791007800000,128,,0.48249652646172586,0.03500694707654828,0.1343455277459651,WAIT,low_confidence,DOWN,,,100.0,100.0,illustrative_scenario
new_forward,0,G04-0003,reversion,127,1791007500000,1791007800000,128,,0.48243430538595583,0.03513138922808834,0.13232499615696558,WAIT,low_confidence,DOWN,,,100.0,100.0,illustrative_scenario
new_forward,0,G05-0036,reversion,127,1791007500000,1791007800000,128,,0.47876324198872955,0.0424735160225409,0.14305914619451643,WAIT,low_confidence,DOWN,,,99.6004,99.6004,illustrative_scenario
new_forward,0,G05-0055,fly,127,1791007500000,1791007800000,128,,0.4817292978334818,0.03654140433303643,0.04237831075594702,WAIT,low_confidence,DOWN,,,100.45528491001515,100.45528491001515,illustrative_scenario
new_forward,0,G05-0059,volume,127,1791007500000,1791007800000,128,,0.47513291977937605,0.0497341604412479,0.11548886865098622,WAIT,low_confidence,DOWN,,,100.56506098446721,100.56506098446721,illustrative_scenario
new_forward,0,G03-0043,reversion,128,1791007800000,1791008100000,129,,0.47828292433630043,0.04343415132739914,0.1343455277459651,WAIT,low_confidence,DOWN,,,100.0,100.0,illustrative_scenario
new_forward,0,G04-0003,reversion,128,1791007800000,1791008100000,129,,0.4838130099624762,0.03237398007504755,0.13232499615696558,WAIT,low_confidence,DOWN,,,100.0,100.0,illustrative_scenario
new_forward,0,G05-0036,reversion,128,1791007800000,1791008100000,129,,0.45855985377162595,0.0828802924567481,0.14305914619451643,WAIT,low_confidence,DOWN,,,99.6004,99.6004,illustrative_scenario
new_forward,0,G05-0055,fly,128,1791007800000,1791008100000,129,,0.5078663168511184,0.015732633702236765,0.04237831075594702,WAIT,low_confidence,DOWN,,,100.45528491001515,100.45528491001515,illustrative_scenario
new_forward,0,G05-0059,volume,128,1791007800000,1791008100000,129,,0.5114381910554467,0.02287638211089349,0.11548886865098622,WAIT,low_confidence,DOWN,,,100.56506098446721,100.56506098446721,illustrative_scenario
new_forward,0,G03-0043,reversion,129,1791008100000,1791008400000,130,,0.4784693571176357,0.04306128576472856,0.1343455277459651,WAIT,low_confidence,DOWN,,,100.0,100.0,illustrative_scenario
new_forward,0,G04-0003,reversion,129,1791008100000,1791008400000,130,,0.48241354290892213,0.035172914182155735,0.13232499615696558,WAIT,low_confidence,DOWN,,,100.0,100.0,illustrative_scenario
new_forward,0,G05-0036,reversion,129,1791008100000,1791008400000,130,,0.4606367768026957,0.07872644639460857,0.14305914619451643,WAIT,low_confidence,DOWN,,,99.6004,99.6004,illustrative_scenario
new_forward,0,G05-0055,fly,129,1791008100000,1791008400000,130,,0.5007920632586383,0.001584126517276685,0.04237831075594702,WAIT,low_confidence,DOWN,,,100.45528491001515,100.45528491001515,illustrative_scenario
new_forward,0,G05-0059,volume,129,1791008100000,1791008400000,130,,0.5127845157322953,0.025569031464590664,0.11548886865098622,WAIT,low_confidence,DOWN,,,100.56506098446721,100.56506098446721,illustrative_scenario
new_forward,0,G03-0043,reversion,130,1791008400000,1791008700000,131,,0.4870837498368566,0.02583250032628681,0.1343455277459651,WAIT,low_confidence,DOWN,,,100.0,100.0,illustrative_scenario
new_forward,0,G04-0003,reversion,130,1791008400000,1791008700000,131,,0.4915113251354954,0.016977349729009217,0.13232499615696558,WAIT,low_confidence,DOWN,,,100.0,100.0,illustrative_scenario
new_forward,0,G05-0036,reversion,130,1791008400000,1791008700000,131,,0.46433374208068984,0.07133251583862033,0.14305914619451643,WAIT,low_confidence,DOWN,,,99.6004,99.6004,illustrative_scenario
new_forward,0,G05-0055,fly,130,1791008400000,1791008700000,131,,0.5124063932313994,0.02481278646279872,0.04237831075594702,WAIT,low_confidence,DOWN,,,100.45528491001515,100.45528491001515,illustrative_scenario
new_forward,0,G05-0059,volume,130,1791008400000,1791008700000,131,,0.5194573712275414,0.03891474245508286,0.11548886865098622,WAIT,low_confidence,DOWN,,,100.56506098446721,100.56506098446721,illustrative_scenario
new_forward,0,G03-0043,reversion,131,1791008700000,1791009000000,132,,0.4858133379948819,0.02837332401023618,0.1343455277459651,WAIT,low_confidence,UP,,,100.0,100.0,illustrative_scenario
new_forward,0,G04-0003,reversion,131,1791008700000,1791009000000,132,,0.4886276632489348,0.022744673502130386,0.13232499615696558,WAIT,low_confidence,UP,,,100.0,100.0,illustrative_scenario
new_forward,0,G05-0036,reversion,131,1791008700000,1791009000000,132,,0.468492440108526,0.06301511978294805,0.14305914619451643,WAIT,low_confidence,UP,,,99.6004,99.6004,illustrative_scenario
new_forward,0,G05-0055,fly,131,1791008700000,1791009000000,132,,0.4987911697537949,0.002417660492410212,0.04237831075594702,WAIT,low_confidence,UP,,,100.45528491001515,100.45528491001515,illustrative_scenario
new_forward,0,G05-0059,volume,131,1791008700000,1791009000000,132,,0.48430492665308184,0.03139014669383633,0.11548886865098622,WAIT,low_confidence,UP,,,100.56506098446721,100.56506098446721,illustrative_scenario
new_forward,0,G03-0043,reversion,132,1791009000000,1791009300000,133,,0.490575219499462,0.018849561001076043,0.1343455277459651,WAIT,low_confidence,DOWN,,,100.0,100.0,illustrative_scenario
new_forward,0,G04-0003,reversion,132,1791009000000,1791009300000,133,,0.4873833658932548,0.025233268213490367,0.13232499615696558,WAIT,low_confidence,DOWN,,,100.0,100.0,illustrative_scenario
new_forward,0,G05-0036,reversion,132,1791009000000,1791009300000,133,,0.49101334420956433,0.017973311580871343,0.14305914619451643,WAIT,low_confidence,DOWN,,,99.6004,99.6004,illustrative_scenario
new_forward,0,G05-0055,fly,132,1791009000000,1791009300000,133,,0.474247469952563,0.05150506009487399,0.04237831075594702,DOWN,,DOWN,True,2.0,100.45528491001515,100.64414084564598,illustrative_scenario
new_forward,0,G05-0059,volume,132,1791009000000,1791009300000,133,,0.4905326358388951,0.01893472832220977,0.11548886865098622,WAIT,low_confidence,DOWN,,,100.56506098446721,100.56506098446721,illustrative_scenario
new_forward,0,G03-0043,reversion,133,1791009300000,1791009600000,134,,0.47701540269239073,0.045969194615218534,0.1343455277459651,WAIT,low_confidence,DOWN,,,100.0,100.0,illustrative_scenario
new_forward,0,G04-0003,reversion,133,1791009300000,1791009600000,134,,0.4787139051768581,0.04257218964628384,0.13232499615696558,WAIT,low_confidence,DOWN,,,100.0,100.0,illustrative_scenario
new_forward,0,G05-0036,reversion,133,1791009300000,1791009600000,134,,0.46417229549588207,0.07165540900823586,0.14305914619451643,WAIT,low_confidence,DOWN,,,99.6004,99.6004,illustrative_scenario
new_forward,0,G05-0055,fly,133,1791009300000,1791009600000,134,,0.4859951561410946,0.02800968771781076,0.04237831075594702,WAIT,low_confidence,DOWN,,,100.64414084564598,100.64414084564598,illustrative_scenario
new_forward,0,G05-0059,volume,133,1791009300000,1791009600000,134,,0.46945479652346495,0.06109040695307011,0.11548886865098622,WAIT,low_confidence,DOWN,,,100.56506098446721,100.56506098446721,illustrative_scenario
new_forward,0,G03-0043,reversion,134,1791009600000,1791009900000,135,,0.4761721715178584,0.0476556569642832,0.1343455277459651,WAIT,low_confidence,DOWN,,,100.0,100.0,illustrative_scenario
new_forward,0,G04-0003,reversion,134,1791009600000,1791009900000,135,,0.47947882395587366,0.04104235208825269,0.13232499615696558,WAIT,low_confidence,DOWN,,,100.0,100.0,illustrative_scenario
new_forward,0,G05-0036,reversion,134,1791009600000,1791009900000,135,,0.4624228575931185,0.07515428481376296,0.14305914619451643,WAIT,low_confidence,DOWN,,,99.6004,99.6004,illustrative_scenario
new_forward,0,G05-0055,fly,134,1791009600000,1791009900000,135,,0.4919873865161995,0.016025226967601003,0.04237831075594702,WAIT,low_confidence,DOWN,,,100.64414084564598,100.64414084564598,illustrative_scenario
new_forward,0,G05-0059,volume,134,1791009600000,1791009900000,135,,0.4862395790714671,0.027520841857065825,0.11548886865098622,WAIT,low_confidence,DOWN,,,100.56506098446721,100.56506098446721,illustrative_scenario
new_forward,0,G03-0043,reversion,135,1791009900000,1791010200000,136,,0.48562943291964866,0.028741134160702675,0.1343455277459651,WAIT,low_confidence,UP,,,100.0,100.0,illustrative_scenario
new_forward,0,G04-0003,reversion,135,1791009900000,1791010200000,136,,0.49041492412415577,0.019170151751688458,0.13232499615696558,WAIT,low_confidence,UP,,,100.0,100.0,illustrative_scenario
new_forward,0,G05-0036,reversion,135,1791009900000,1791010200000,136,,0.46303811444479515,0.07392377111040971,0.14305914619451643,WAIT,low_confidence,UP,,,99.6004,99.6004,illustrative_scenario
new_forward,0,G05-0055,fly,135,1791009900000,1791010200000,136,,0.5114843909757756,0.022968781951551165,0.04237831075594702,WAIT,low_confidence,UP,,,100.64414084564598,100.64414084564598,illustrative_scenario
new_forward,0,G05-0059,volume,135,1791009900000,1791010200000,136,,0.520009542593999,0.040019085187998016,0.11548886865098622,WAIT,low_confidence,UP,,,100.56506098446721,100.56506098446721,illustrative_scenario
new_forward,0,G03-0043,reversion,136,1791010200000,1791010500000,137,,0.48662959513938836,0.02674080972122328,0.1343455277459651,WAIT,low_confidence,UP,,,100.0,100.0,illustrative_scenario
new_forward,0,G04-0003,reversion,136,1791010200000,1791010500000,137,,0.4865712691514511,0.026857461697097795,0.13232499615696558,WAIT,low_confidence,UP,,,100.0,100.0,illustrative_scenario
new_forward,0,G05-0036,reversion,136,1791010200000,1791010500000,137,,0.47962945108502536,0.04074109782994928,0.14305914619451643,WAIT,low_confidence,UP,,,99.6004,99.6004,illustrative_scenario
new_forward,0,G05-0055,fly,136,1791010200000,1791010500000,137,,0.4853727917348557,0.029254416530288596,0.04237831075594702,WAIT,low_confidence,UP,,,100.64414084564598,100.64414084564598,illustrative_scenario
new_forward,0,G05-0059,volume,136,1791010200000,1791010500000,137,,0.48127289548163765,0.037454209036724695,0.11548886865098622,WAIT,low_confidence,UP,,,100.56506098446721,100.56506098446721,illustrative_scenario
new_forward,0,G03-0043,reversion,137,1791010500000,1791010800000,138,,0.47951482998962996,0.04097034002074007,0.1343455277459651,WAIT,low_confidence,DOWN,,,100.0,100.0,illustrative_scenario
new_forward,0,G04-0003,reversion,137,1791010500000,1791010800000,138,,0.4810333091174702,0.03793338176505956,0.13232499615696558,WAIT,low_confidence,DOWN,,,100.0,100.0,illustrative_scenario
new_forward,0,G05-0036,reversion,137,1791010500000,1791010800000,138,,0.46834536875404975,0.0633092624919005,0.14305914619451643,WAIT,low_confidence,DOWN,,,99.6004,99.6004,illustrative_scenario
new_forward,0,G05-0055,fly,137,1791010500000,1791010800000,138,,0.4913586038919775,0.017282792216045006,0.04237831075594702,WAIT,low_confidence,DOWN,,,100.64414084564598,100.64414084564598,illustrative_scenario
new_forward,0,G05-0059,volume,137,1791010500000,1791010800000,138,,0.5051620412926023,0.010324082585204675,0.11548886865098622,WAIT,low_confidence,DOWN,,,100.56506098446721,100.56506098446721,illustrative_scenario
new_forward,0,G03-0043,reversion,138,1791010800000,1791011100000,139,,0.48070834691534065,0.03858330616931871,0.1343455277459651,WAIT,low_confidence,DOWN,,,100.0,100.0,illustrative_scenario
new_forward,0,G04-0003,reversion,138,1791010800000,1791011100000,139,,0.4838648481337436,0.03227030373251283,0.13232499615696558,WAIT,low_confidence,DOWN,,,100.0,100.0,illustrative_scenario
new_forward,0,G05-0036,reversion,138,1791010800000,1791011100000,139,,0.46487296784720916,0.07025406430558168,0.14305914619451643,WAIT,low_confidence,DOWN,,,99.6004,99.6004,illustrative_scenario
new_forward,0,G05-0055,fly,138,1791010800000,1791011100000,139,,0.5000905300797939,0.00018106015958774258,0.04237831075594702,WAIT,low_confidence,DOWN,,,100.64414084564598,100.64414084564598,illustrative_scenario
new_forward,0,G05-0059,volume,138,1791010800000,1791011100000,139,,0.51560148444812,0.03120296889624008,0.11548886865098622,WAIT,low_confidence,DOWN,,,100.56506098446721,100.56506098446721,illustrative_scenario
new_forward,0,G03-0043,reversion,139,1791011100000,1791011400000,140,,0.4883794068526823,0.023241186294635452,0.1343455277459651,WAIT,low_confidence,UP,,,100.0,100.0,illustrative_scenario
new_forward,0,G04-0003,reversion,139,1791011100000,1791011400000,140,,0.49274566656996416,0.014508666860071684,0.13232499615696558,WAIT,low_confidence,UP,,,100.0,100.0,illustrative_scenario
new_forward,0,G05-0036,reversion,139,1791011100000,1791011400000,140,,0.46698496959580094,0.06603006080839813,0.14305914619451643,WAIT,low_confidence,UP,,,99.6004,99.6004,illustrative_scenario
new_forward,0,G05-0055,fly,139,1791011100000,1791011400000,140,,0.513132412938797,0.026264825877593934,0.04237831075594702,WAIT,low_confidence,UP,,,100.64414084564598,100.64414084564598,illustrative_scenario
new_forward,0,G05-0059,volume,139,1791011100000,1791011400000,140,,0.5254660168354522,0.050932033670904486,0.11548886865098622,WAIT,low_confidence,UP,,,100.56506098446721,100.56506098446721,illustrative_scenario
new_forward,0,G03-0043,reversion,140,1791011400000,1791011700000,141,,0.4845336770425044,0.03093264591499123,0.1343455277459651,WAIT,low_confidence,UP,,,100.0,100.0,illustrative_scenario
new_forward,0,G04-0003,reversion,140,1791011400000,1791011700000,141,,0.4876488160910686,0.024702367817862836,0.13232499615696558,WAIT,low_confidence,UP,,,100.0,100.0,illustrative_scenario
new_forward,0,G05-0036,reversion,140,1791011400000,1791011700000,141,,0.4668046883308784,0.0663906233382432,0.14305914619451643,WAIT,low_confidence,UP,,,99.6004,99.6004,illustrative_scenario
new_forward,0,G05-0055,fly,140,1791011400000,1791011700000,141,,0.4972037989288426,0.005592402142314823,0.04237831075594702,WAIT,low_confidence,UP,,,100.64414084564598,100.64414084564598,illustrative_scenario
new_forward,0,G05-0059,volume,140,1791011400000,1791011700000,141,,0.45239794579404224,0.09520410841191551,0.11548886865098622,WAIT,low_confidence,UP,,,100.56506098446721,100.56506098446721,illustrative_scenario
new_forward,0,G03-0043,reversion,141,1791011700000,1791012000000,142,,0.48883244638206336,0.022335107235873286,0.1343455277459651,WAIT,low_confidence,DOWN,,,100.0,100.0,illustrative_scenario
new_forward,0,G04-0003,reversion,141,1791011700000,1791012000000,142,,0.487856121303093,0.024287757393813947,0.13232499615696558,WAIT,low_confidence,DOWN,,,100.0,100.0,illustrative_scenario
new_forward,0,G05-0036,reversion,141,1791011700000,1791012000000,142,,0.4855608896578483,0.028878220684303346,0.14305914619451643,WAIT,low_confidence,DOWN,,,99.6004,99.6004,illustrative_scenario
new_forward,0,G05-0055,fly,141,1791011700000,1791012000000,142,,0.48678236129443425,0.026435277411131497,0.04237831075594702,WAIT,low_confidence,DOWN,,,100.64414084564598,100.64414084564598,illustrative_scenario
new_forward,0,G05-0059,volume,141,1791011700000,1791012000000,142,,0.5115557713252787,0.02311154265055748,0.11548886865098622,WAIT,low_confidence,DOWN,,,100.56506098446721,100.56506098446721,illustrative_scenario
new_forward,0,G03-0043,reversion,142,1791012000000,1791012300000,143,,0.486496719315403,0.027006561369193993,0.1343455277459651,WAIT,low_confidence,UP,,,100.0,100.0,illustrative_scenario
new_forward,0,G04-0003,reversion,142,1791012000000,1791012300000,143,,0.4892487418665633,0.021502516266873384,0.13232499615696558,WAIT,low_confidence,UP,,,100.0,100.0,illustrative_scenario
new_forward,0,G05-0036,reversion,142,1791012000000,1791012300000,143,,0.4725392636937331,0.05492147261253377,0.14305914619451643,WAIT,low_confidence,UP,,,99.6004,99.6004,illustrative_scenario
new_forward,0,G05-0055,fly,142,1791012000000,1791012300000,143,,0.5030631115818432,0.006126223163686495,0.04237831075594702,WAIT,low_confidence,UP,,,100.64414084564598,100.64414084564598,illustrative_scenario
new_forward,0,G05-0059,volume,142,1791012000000,1791012300000,143,,0.5196250845076349,0.03925016901526979,0.11548886865098622,WAIT,low_confidence,UP,,,100.56506098446721,100.56506098446721,illustrative_scenario
new_forward,0,G03-0043,reversion,143,1791012300000,1791012600000,144,,0.48906360544338573,0.02187278911322854,0.1343455277459651,WAIT,low_confidence,UP,,,100.0,100.0,illustrative_scenario
new_forward,0,G04-0003,reversion,143,1791012300000,1791012600000,144,,0.48549652519030384,0.02900694961939232,0.13232499615696558,WAIT,low_confidence,UP,,,100.0,100.0,illustrative_scenario
new_forward,0,G05-0036,reversion,143,1791012300000,1791012600000,144,,0.4957033320164466,0.008593335967106763,0.14305914619451643,WAIT,low_confidence,UP,,,99.6004,99.6004,illustrative_scenario
new_forward,0,G05-0055,fly,143,1791012300000,1791012600000,144,,0.46920092673546776,0.06159814652906448,0.04237831075594702,DOWN,,UP,False,2.0,100.64414084564598,100.44285256395469,illustrative_scenario
new_forward,0,G05-0059,volume,143,1791012300000,1791012600000,144,,0.4927756363185586,0.01444872736288283,0.11548886865098622,WAIT,low_confidence,UP,,,100.56506098446721,100.56506098446721,illustrative_scenario
new_forward,0,G03-0043,reversion,144,1791012600000,1791012900000,145,,0.48962309425559436,0.02075381148881128,0.1343455277459651,WAIT,low_confidence,DOWN,,,100.0,100.0,illustrative_scenario
new_forward,0,G04-0003,reversion,144,1791012600000,1791012900000,145,,0.4862576810688244,0.027484637862351224,0.13232499615696558,WAIT,low_confidence,DOWN,,,100.0,100.0,illustrative_scenario
new_forward,0,G05-0036,reversion,144,1791012600000,1791012900000,145,,0.49531830907956054,0.009363381840878926,0.14305914619451643,WAIT,low_confidence,DOWN,,,99.6004,99.6004,illustrative_scenario
new_forward,0,G05-0055,fly,144,1791012600000,1791012900000,145,,0.4733072231700069,0.05338555365998621,0.04237831075594702,DOWN,,DOWN,True,2.0,100.44285256395469,100.63168512677493,illustrative_scenario
new_forward,0,G05-0059,volume,144,1791012600000,1791012900000,145,,0.4932991872678182,0.013401625464363631,0.11548886865098622,WAIT,low_confidence,DOWN,,,100.56506098446721,100.56506098446721,illustrative_scenario
new_forward,0,G03-0043,reversion,145,1791012900000,1791013200000,146,,0.46535634444905716,0.06928731110188568,0.1343455277459651,WAIT,low_confidence,DOWN,,,100.0,100.0,illustrative_scenario
new_forward,0,G04-0003,reversion,145,1791012900000,1791013200000,146,,0.4703060702097447,0.05938785958051063,0.13232499615696558,WAIT,low_confidence,DOWN,,,100.0,100.0,illustrative_scenario
new_forward,0,G05-0036,reversion,145,1791012900000,1791013200000,146,,0.44974423560542776,0.10051152878914449,0.14305914619451643,WAIT,low_confidence,DOWN,,,99.6004,99.6004,illustrative_scenario
new_forward,0,G05-0055,fly,145,1791012900000,1791013200000,146,,0.4951234297473593,0.009753140505281421,0.04237831075594702,WAIT,low_confidence,DOWN,,,100.63168512677493,100.63168512677493,illustrative_scenario
new_forward,0,G05-0059,volume,145,1791012900000,1791013200000,146,,0.5114287041600375,0.02285740832007499,0.11548886865098622,WAIT,low_confidence,DOWN,,,100.56506098446721,100.56506098446721,illustrative_scenario
new_forward,0,G03-0043,reversion,146,1791013200000,1791013500000,147,,0.4798903408751185,0.04021931824976299,0.1343455277459651,WAIT,low_confidence,UP,,,100.0,100.0,illustrative_scenario
new_forward,0,G04-0003,reversion,146,1791013200000,1791013500000,147,,0.4861091272588641,0.027781745482271747,0.13232499615696558,WAIT,low_confidence,UP,,,100.0,100.0,illustrative_scenario
new_forward,0,G05-0036,reversion,146,1791013200000,1791013500000,147,,0.4577159820848223,0.08456803583035544,0.14305914619451643,WAIT,low_confidence,UP,,,99.6004,99.6004,illustrative_scenario
new_forward,0,G05-0055,fly,146,1791013200000,1791013500000,147,,0.5113341639883773,0.022668327976754554,0.04237831075594702,WAIT,low_confidence,UP,,,100.63168512677493,100.63168512677493,illustrative_scenario
new_forward,0,G05-0059,volume,146,1791013200000,1791013500000,147,,0.5112502981220459,0.02250059624409184,0.11548886865098622,WAIT,low_confidence,UP,,,100.56506098446721,100.56506098446721,illustrative_scenario
new_forward,0,G03-0043,reversion,147,1791013500000,1791013800000,148,,0.483364634552274,0.03327073089545196,0.1343455277459651,WAIT,low_confidence,DOWN,,,100.0,100.0,illustrative_scenario
new_forward,0,G04-0003,reversion,147,1791013500000,1791013800000,148,,0.48397091471535564,0.032058170569288724,0.13232499615696558,WAIT,low_confidence,DOWN,,,100.0,100.0,illustrative_scenario
new_forward,0,G05-0036,reversion,147,1791013500000,1791013800000,148,,0.47780702200703296,0.04438595598593409,0.14305914619451643,WAIT,low_confidence,DOWN,,,99.6004,99.6004,illustrative_scenario
new_forward,0,G05-0055,fly,147,1791013500000,1791013800000,148,,0.48073162314648643,0.03853675370702714,0.04237831075594702,WAIT,low_confidence,DOWN,,,100.63168512677493,100.63168512677493,illustrative_scenario
new_forward,0,G05-0059,volume,147,1791013500000,1791013800000,148,,0.46490634121311675,0.0701873175737665,0.11548886865098622,WAIT,low_confidence,DOWN,,,100.56506098446721,100.56506098446721,illustrative_scenario
new_forward,0,G03-0043,reversion,148,1791013800000,1791014100000,149,,0.4862605137035075,0.02747897259298504,0.1343455277459651,WAIT,low_confidence,UP,,,100.0,100.0,illustrative_scenario
new_forward,0,G04-0003,reversion,148,1791013800000,1791014100000,149,,0.48909817850682785,0.021803642986344296,0.13232499615696558,WAIT,low_confidence,UP,,,100.0,100.0,illustrative_scenario
new_forward,0,G05-0036,reversion,148,1791013800000,1791014100000,149,,0.4714688507899133,0.05706229842017341,0.14305914619451643,WAIT,low_confidence,UP,,,99.6004,99.6004,illustrative_scenario
new_forward,0,G05-0055,fly,148,1791013800000,1791014100000,149,,0.5013101134767894,0.002620226953578886,0.04237831075594702,WAIT,low_confidence,UP,,,100.63168512677493,100.63168512677493,illustrative_scenario
new_forward,0,G05-0059,volume,148,1791013800000,1791014100000,149,,0.5023464896448967,0.0046929792897933975,0.11548886865098622,WAIT,low_confidence,UP,,,100.56506098446721,100.56506098446721,illustrative_scenario
new_forward,0,G03-0043,reversion,149,1791014100000,1791014400000,150,,0.4923746248798004,0.015250750240399236,0.1343455277459651,WAIT,low_confidence,UP,,,100.0,100.0,illustrative_scenario
new_forward,0,G04-0003,reversion,149,1791014100000,1791014400000,150,,0.49164438966773755,0.016711220664524906,0.13232499615696558,WAIT,low_confidence,UP,,,100.0,100.0,illustrative_scenario
new_forward,0,G05-0036,reversion,149,1791014100000,1791014400000,150,,0.4898602459497261,0.020279508100547794,0.14305914619451643,WAIT,low_confidence,UP,,,99.6004,99.6004,illustrative_scenario
new_forward,0,G05-0055,fly,149,1791014100000,1791014400000,150,,0.48553003018194,0.02893993963611996,0.04237831075594702,WAIT,low_confidence,UP,,,100.63168512677493,100.63168512677493,illustrative_scenario
new_forward,0,G05-0059,volume,149,1791014100000,1791014400000,150,,0.502056325012676,0.004112650025352105,0.11548886865098622,WAIT,low_confidence,UP,,,100.56506098446721,100.56506098446721,illustrative_scenario
new_forward,0,G03-0043,reversion,150,1791014400000,1791014700000,151,,0.4969671268673182,0.006065746265363603,0.1343455277459651,WAIT,low_confidence,UP,,,100.0,100.0,illustrative_scenario
new_forward,0,G04-0003,reversion,150,1791014400000,1791014700000,151,,0.4947647877932205,0.010470424413559054,0.13232499615696558,WAIT,low_confidence,UP,,,100.0,100.0,illustrative_scenario
new_forward,0,G05-0036,reversion,150,1791014400000,1791014700000,151,,0.49666431227160496,0.006671375456790085,0.14305914619451643,WAIT,low_confidence,UP,,,99.6004,99.6004,illustrative_scenario
new_forward,0,G05-0055,fly,150,1791014400000,1791014700000,151,,0.4829794434685585,0.034041113062883044,0.04237831075594702,WAIT,low_confidence,UP,,,100.63168512677493,100.63168512677493,illustrative_scenario
new_forward,0,G05-0059,volume,150,1791014400000,1791014700000,151,,0.4907497304876524,0.018500539024695173,0.11548886865098622,WAIT,low_confidence,UP,,,100.56506098446721,100.56506098446721,illustrative_scenario
new_forward,0,G03-0043,reversion,151,1791014700000,1791015000000,152,,0.48767774215166737,0.02464451569666526,0.1343455277459651,WAIT,low_confidence,DOWN,,,100.0,100.0,illustrative_scenario
new_forward,0,G04-0003,reversion,151,1791014700000,1791015000000,152,,0.4851892837256565,0.029621432548686988,0.13232499615696558,WAIT,low_confidence,DOWN,,,100.0,100.0,illustrative_scenario
new_forward,0,G05-0036,reversion,151,1791014700000,1791015000000,152,,0.492062503578885,0.01587499284223004,0.14305914619451643,WAIT,low_confidence,DOWN,,,99.6004,99.6004,illustrative_scenario
new_forward,0,G05-0055,fly,151,1791014700000,1791015000000,152,,0.4728380433471996,0.054323913305600824,0.04237831075594702,DOWN,,DOWN,True,2.0,100.63168512677493,100.82087269481326,illustrative_scenario
new_forward,0,G05-0059,volume,151,1791014700000,1791015000000,152,,0.49470845821290743,0.010583083574185137,0.11548886865098622,WAIT,low_confidence,DOWN,,,100.56506098446721,100.56506098446721,illustrative_scenario
new_forward,0,G03-0043,reversion,152,1791015000000,1791015300000,153,,0.4748852940608663,0.05022941187826735,0.1343455277459651,WAIT,low_confidence,DOWN,,,100.0,100.0,illustrative_scenario
new_forward,0,G04-0003,reversion,152,1791015000000,1791015300000,153,,0.47718089765753174,0.04563820468493651,0.13232499615696558,WAIT,low_confidence,DOWN,,,100.0,100.0,illustrative_scenario
new_forward,0,G05-0036,reversion,152,1791015000000,1791015300000,153,,0.46711594505741233,0.06576810988517534,0.14305914619451643,WAIT,low_confidence,DOWN,,,99.6004,99.6004,illustrative_scenario
new_forward,0,G05-0055,fly,152,1791015000000,1791015300000,153,,0.4880548229766452,0.023890354046709583,0.04237831075594702,WAIT,low_confidence,DOWN,,,100.82087269481326,100.82087269481326,illustrative_scenario
new_forward,0,G05-0059,volume,152,1791015000000,1791015300000,153,,0.5014549526765811,0.0029099053531622676,0.11548886865098622,WAIT,low_confidence,DOWN,,,100.56506098446721,100.56506098446721,illustrative_scenario
new_forward,0,G03-0043,reversion,153,1791015300000,1791015600000,154,,0.4872528377211347,0.025494324557730597,0.1343455277459651,WAIT,low_confidence,DOWN,,,100.0,100.0,illustrative_scenario
new_forward,0,G04-0003,reversion,153,1791015300000,1791015600000,154,,0.48578558114731596,0.028428837705368082,0.13232499615696558,WAIT,low_confidence,DOWN,,,100.0,100.0,illustrative_scenario
new_forward,0,G05-0036,reversion,153,1791015300000,1791015600000,154,,0.48986510023183727,0.02026979953632546,0.14305914619451643,WAIT,low_confidence,DOWN,,,99.6004,99.6004,illustrative_scenario
new_forward,0,G05-0055,fly,153,1791015300000,1791015600000,154,,0.4766876946514052,0.046624610697189595,0.04237831075594702,DOWN,,DOWN,True,2.0,100.82087269481326,101.01041593547951,illustrative_scenario
new_forward,0,G05-0059,volume,153,1791015300000,1791015600000,154,,0.4893548070901469,0.021290385819706215,0.11548886865098622,WAIT,low_confidence,DOWN,,,100.56506098446721,100.56506098446721,illustrative_scenario
new_forward,0,G03-0043,reversion,154,1791015600000,1791015900000,155,,0.47874554049629636,0.042508919007407275,0.1343455277459651,WAIT,low_confidence,UP,,,100.0,100.0,illustrative_scenario
new_forward,0,G04-0003,reversion,154,1791015600000,1791015900000,155,,0.4844995926595215,0.031000814680956945,0.13232499615696558,WAIT,low_confidence,UP,,,100.0,100.0,illustrative_scenario
new_forward,0,G05-0036,reversion,154,1791015600000,1791015900000,155,,0.45695153910180414,0.08609692179639172,0.14305914619451643,WAIT,low_confidence,UP,,,99.6004,99.6004,illustrative_scenario
new_forward,0,G05-0055,fly,154,1791015600000,1791015900000,155,,0.5092735223699187,0.01854704473983748,0.04237831075594702,WAIT,low_confidence,UP,,,101.01041593547951,101.01041593547951,illustrative_scenario
new_forward,0,G05-0059,volume,154,1791015600000,1791015900000,155,,0.510786487616691,0.021572975233381975,0.11548886865098622,WAIT,low_confidence,UP,,,100.56506098446721,100.56506098446721,illustrative_scenario
new_forward,0,G03-0043,reversion,155,1791015900000,1791016200000,156,,0.48365507081033415,0.03268985837933169,0.1343455277459651,WAIT,low_confidence,UP,,,100.0,100.0,illustrative_scenario
new_forward,0,G04-0003,reversion,155,1791015900000,1791016200000,156,,0.4822793130000373,0.03544137399992542,0.13232499615696558,WAIT,low_confidence,UP,,,100.0,100.0,illustrative_scenario
new_forward,0,G05-0036,reversion,155,1791015900000,1791016200000,156,,0.4828609188883117,0.03427816222337665,0.14305914619451643,WAIT,low_confidence,UP,,,99.6004,99.6004,illustrative_scenario
new_forward,0,G05-0055,fly,155,1791015900000,1791016200000,156,,0.4753418422663082,0.049316315467383576,0.04237831075594702,DOWN,,UP,False,2.0,101.01041593547951,100.80839510360856,illustrative_scenario
new_forward,0,G05-0059,volume,155,1791015900000,1791016200000,156,,0.48927607344349466,0.021447853113010673,0.11548886865098622,WAIT,low_confidence,UP,,,100.56506098446721,100.56506098446721,illustrative_scenario
new_forward,0,G03-0043,reversion,156,1791016200000,1791016500000,157,,0.4886755750186249,0.022648849962750184,0.1343455277459651,WAIT,low_confidence,DOWN,,,100.0,100.0,illustrative_scenario
new_forward,0,G04-0003,reversion,156,1791016200000,1791016500000,157,,0.48511622677180943,0.029767546456381133,0.13232499615696558,WAIT,low_confidence,DOWN,,,100.0,100.0,illustrative_scenario
new_forward,0,G05-0036,reversion,156,1791016200000,1791016500000,157,,0.4944432679345216,0.011113464130956818,0.14305914619451643,WAIT,low_confidence,DOWN,,,99.6004,99.6004,illustrative_scenario
new_forward,0,G05-0055,fly,156,1791016200000,1791016500000,157,,0.471633263774185,0.05673347245162996,0.04237831075594702,DOWN,,DOWN,True,2.0,100.80839510360856,100.99791488640335,illustrative_scenario
new_forward,0,G05-0059,volume,156,1791016200000,1791016500000,157,,0.4962013179477808,0.007597364104438453,0.11548886865098622,WAIT,low_confidence,DOWN,,,100.56506098446721,100.56506098446721,illustrative_scenario
new_forward,0,G03-0043,reversion,157,1791016500000,1791016800000,158,,0.4775123761726376,0.044975247654724826,0.1343455277459651,WAIT,low_confidence,UP,,,100.0,100.0,illustrative_scenario
new_forward,0,G04-0003,reversion,157,1791016500000,1791016800000,158,,0.47849904118640046,0.04300191762719907,0.13232499615696558,WAIT,low_confidence,UP,,,100.0,100.0,illustrative_scenario
new_forward,0,G05-0036,reversion,157,1791016500000,1791016800000,158,,0.47235350857819824,0.05529298284360351,0.14305914619451643,WAIT,low_confidence,UP,,,99.6004,99.6004,illustrative_scenario
new_forward,0,G05-0055,fly,157,1791016500000,1791016800000,158,,0.48326242051357315,0.03347515897285369,0.04237831075594702,WAIT,low_confidence,UP,,,100.99791488640335,100.99791488640335,illustrative_scenario
new_forward,0,G05-0059,volume,157,1791016500000,1791016800000,158,,0.5028667523897199,0.005733504779439791,0.11548886865098622,WAIT,low_confidence,UP,,,100.56506098446721,100.56506098446721,illustrative_scenario
new_forward,0,G03-0043,reversion,158,1791016800000,1791017100000,159,,0.4780113243454995,0.043977351309001045,0.1343455277459651,WAIT,low_confidence,DOWN,,,100.0,100.0,illustrative_scenario
new_forward,0,G04-0003,reversion,158,1791016800000,1791017100000,159,,0.4755178109105745,0.04896437817885102,0.13232499615696558,WAIT,low_confidence,DOWN,,,100.0,100.0,illustrative_scenario
new_forward,0,G05-0036,reversion,158,1791016800000,1791017100000,159,,0.48643933168900166,0.027121336621996672,0.14305914619451643,WAIT,low_confidence,DOWN,,,99.6004,99.6004,illustrative_scenario
new_forward,0,G05-0055,fly,158,1791016800000,1791017100000,159,,0.46287959593571626,0.07424080812856748,0.04237831075594702,DOWN,,DOWN,True,2.0,100.99791488640335,101.18779096638978,illustrative_scenario
new_forward,0,G05-0059,volume,158,1791016800000,1791017100000,159,,0.48280330544597333,0.03439338910805334,0.11548886865098622,WAIT,low_confidence,DOWN,,,100.56506098446721,100.56506098446721,illustrative_scenario
new_forward,0,G03-0043,reversion,159,1791017100000,1791017400000,160,,0.4628806923890452,0.07423861522190955,0.1343455277459651,WAIT,low_confidence,UP,,,100.0,100.0,illustrative_scenario
new_forward,0,G04-0003,reversion,159,1791017100000,1791017400000,160,,0.4686596520951934,0.06268069580961322,0.13232499615696558,WAIT,low_confidence,UP,,,100.0,100.0,illustrative_scenario
new_forward,0,G05-0036,reversion,159,1791017100000,1791017400000,160,,0.44338584350278176,0.11322831299443648,0.14305914619451643,WAIT,low_confidence,UP,,,99.6004,99.6004,illustrative_scenario
new_forward,0,G05-0055,fly,159,1791017100000,1791017400000,160,,0.4958452087064289,0.008309582587142206,0.04237831075594702,WAIT,low_confidence,UP,,,101.18779096638978,101.18779096638978,illustrative_scenario
new_forward,0,G05-0059,volume,159,1791017100000,1791017400000,160,,0.4986772241683061,0.0026455516633877574,0.11548886865098622,WAIT,low_confidence,UP,,,100.56506098446721,100.56506098446721,illustrative_scenario
new_forward,0,G03-0043,reversion,160,1791017400000,1791017700000,161,,0.45962689167235166,0.08074621665529669,0.1343455277459651,WAIT,low_confidence,UP,,,100.0,100.0,illustrative_scenario
new_forward,0,G04-0003,reversion,160,1791017400000,1791017700000,161,,0.46019918830210055,0.0796016233957989,0.13232499615696558,WAIT,low_confidence,UP,,,100.0,100.0,illustrative_scenario
new_forward,0,G05-0036,reversion,160,1791017400000,1791017700000,161,,0.4614547954672895,0.07709040906542097,0.14305914619451643,WAIT,low_confidence,UP,,,99.6004,99.6004,illustrative_scenario
new_forward,0,G05-0055,fly,160,1791017400000,1791017700000,161,,0.46348970583777455,0.07302058832445091,0.04237831075594702,DOWN,,UP,False,2.0,101.18779096638978,100.985415384457,illustrative_scenario
new_forward,0,G05-0059,volume,160,1791017400000,1791017700000,161,,0.47330308121601633,0.05339383756796734,0.11548886865098622,WAIT,low_confidence,UP,,,100.56506098446721,100.56506098446721,illustrative_scenario
new_forward,0,G03-0043,reversion,161,1791017700000,1791018000000,162,,0.45875108612065163,0.08249782775869674,0.1343455277459651,WAIT,low_confidence,UP,,,100.0,100.0,illustrative_scenario
new_forward,0,G04-0003,reversion,161,1791017700000,1791018000000,162,,0.4616934778629482,0.07661304427410365,0.13232499615696558,WAIT,low_confidence,UP,,,100.0,100.0,illustrative_scenario
new_forward,0,G05-0036,reversion,161,1791017700000,1791018000000,162,,0.45094982429269154,0.09810035141461693,0.14305914619451643,WAIT,low_confidence,UP,,,99.6004,99.6004,illustrative_scenario
new_forward,0,G05-0055,fly,161,1791017700000,1791018000000,162,,0.47685096863941917,0.04629806272116166,0.04237831075594702,DOWN,,UP,False,2.0,100.985415384457,100.78344455368808,illustrative_scenario
new_forward,0,G05-0059,volume,161,1791017700000,1791018000000,162,,0.47351841225935465,0.0529631754812907,0.11548886865098622,WAIT,low_confidence,UP,,,100.56506098446721,100.56506098446721,illustrative_scenario
new_forward,0,G03-0043,reversion,162,1791018000000,1791018300000,163,,0.4577095210445236,0.08458095791095277,0.1343455277459651,WAIT,low_confidence,UP,,,100.0,100.0,illustrative_scenario
new_forward,0,G04-0003,reversion,162,1791018000000,1791018300000,163,,0.4568016180868936,0.08639676382621275,0.13232499615696558,WAIT,low_confidence,UP,,,100.0,100.0,illustrative_scenario
new_forward,0,G05-0036,reversion,162,1791018000000,1791018300000,163,,0.465307344091322,0.06938531181735597,0.14305914619451643,WAIT,low_confidence,UP,,,99.6004,99.6004,illustrative_scenario
new_forward,0,G05-0055,fly,162,1791018000000,1791018300000,163,,0.4528486505322091,0.09430269893558185,0.04237831075594702,DOWN,,UP,False,2.0,100.78344455368808,100.5818776645807,illustrative_scenario
new_forward,0,G05-0059,volume,162,1791018000000,1791018300000,163,,0.4604072033765476,0.07918559324690477,0.11548886865098622,WAIT,low_confidence,UP,,,100.56506098446721,100.56506098446721,illustrative_scenario
new_forward,0,G03-0043,reversion,163,1791018300000,1791018600000,164,,0.45218107271121105,0.0956378545775779,0.1343455277459651,WAIT,low_confidence,UP,,,100.0,100.0,illustrative_scenario
new_forward,0,G04-0003,reversion,163,1791018300000,1791018600000,164,,0.4508533846486536,0.0982932307026928,0.13232499615696558,WAIT,low_confidence,UP,,,100.0,100.0,illustrative_scenario
new_forward,0,G05-0036,reversion,163,1791018300000,1791018600000,164,,0.4616936603237815,0.07661267935243699,0.14305914619451643,WAIT,low_confidence,UP,,,99.6004,99.6004,illustrative_scenario
new_forward,0,G05-0055,fly,163,1791018300000,1791018600000,164,,0.44771115060634165,0.10457769878731671,0.04237831075594702,DOWN,,UP,False,2.0,100.5818776645807,100.38071390925154,illustrative_scenario
new_forward,0,G05-0059,volume,163,1791018300000,1791018600000,164,,0.46175993534647947,0.07648012930704107,0.11548886865098622,WAIT,low_confidence,UP,,,100.56506098446721,100.56506098446721,illustrative_scenario
new_forward,0,G03-0043,reversion,164,1791018600000,1791018900000,165,,0.4366688760888167,0.12666224782236657,0.1343455277459651,WAIT,low_confidence,DOWN,,,100.0,100.0,illustrative_scenario
new_forward,0,G04-0003,reversion,164,1791018600000,1791018900000,165,,0.43987848496219684,0.12024303007560633,0.13232499615696558,WAIT,low_confidence,DOWN,,,100.0,100.0,illustrative_scenario
new_forward,0,G05-0036,reversion,164,1791018600000,1791018900000,165,,0.43488045826792354,0.13023908346415292,0.14305914619451643,WAIT,low_confidence,DOWN,,,99.6004,99.6004,illustrative_scenario
new_forward,0,G05-0055,fly,164,1791018600000,1791018900000,165,,0.4511713368836648,0.09765732623267043,0.04237831075594702,DOWN,,DOWN,True,2.0,100.38071390925154,100.56942965140094,illustrative_scenario
new_forward,0,G05-0059,volume,164,1791018600000,1791018900000,165,,0.4045231495082809,0.19095370098343822,0.11548886865098622,DOWN,,DOWN,True,2.0,100.56506098446721,100.754123299118,illustrative_scenario
new_forward,0,G03-0043,reversion,165,1791018900000,1791019200000,166,,0.44374464937612923,0.11251070124774154,0.1343455277459651,WAIT,low_confidence,UP,,,100.0,100.0,illustrative_scenario
new_forward,0,G04-0003,reversion,165,1791018900000,1791019200000,166,,0.4480942735829452,0.10381145283410964,0.13232499615696558,WAIT,low_confidence,UP,,,100.0,100.0,illustrative_scenario
new_forward,0,G05-0036,reversion,165,1791018900000,1791019200000,166,,0.44046242522454854,0.11907514955090293,0.14305914619451643,WAIT,low_confidence,UP,,,99.6004,99.6004,illustrative_scenario
new_forward,0,G05-0055,fly,165,1791018900000,1791019200000,166,,0.4661432059709152,0.06771358805816963,0.04237831075594702,DOWN,,UP,False,2.0,100.56942965140094,100.36829079209814,illustrative_scenario
new_forward,0,G05-0059,volume,165,1791018900000,1791019200000,166,,0.4704416988744764,0.0591166022510472,0.11548886865098622,WAIT,low_confidence,UP,,,100.754123299118,100.754123299118,illustrative_scenario
new_forward,0,G03-0043,reversion,166,1791019200000,1791019500000,167,,0.45349479704413026,0.09301040591173948,0.1343455277459651,WAIT,low_confidence,UP,,,100.0,100.0,illustrative_scenario
new_forward,0,G04-0003,reversion,166,1791019200000,1791019500000,167,,0.4541219763653715,0.09175604726925701,0.13232499615696558,WAIT,low_confidence,UP,,,100.0,100.0,illustrative_scenario
new_forward,0,G05-0036,reversion,166,1791019200000,1791019500000,167,,0.46106381136098,0.07787237727803997,0.14305914619451643,WAIT,low_confidence,UP,,,99.6004,99.6004,illustrative_scenario
new_forward,0,G05-0055,fly,166,1791019200000,1791019500000,167,,0.45361705306771205,0.0927658938645759,0.04237831075594702,DOWN,,UP,False,2.0,100.36829079209814,100.16755421051394,illustrative_scenario
new_forward,0,G05-0059,volume,166,1791019200000,1791019500000,167,,0.47721189777919687,0.04557620444160626,0.11548886865098622,WAIT,low_confidence,UP,,,100.754123299118,100.754123299118,illustrative_scenario
new_forward,0,G03-0043,reversion,167,1791019500000,1791019800000,168,,0.45021359651066745,0.09957280697866511,0.1343455277459651,WAIT,low_confidence,UP,,,100.0,100.0,illustrative_scenario
new_forward,0,G04-0003,reversion,167,1791019500000,1791019800000,168,,0.45069487895380755,0.09861024209238489,0.13232499615696558,WAIT,low_confidence,UP,,,100.0,100.0,illustrative_scenario
new_forward,0,G05-0036,reversion,167,1791019500000,1791019800000,168,,0.4543529602044689,0.09129407959106217,0.14305914619451643,WAIT,low_confidence,UP,,,99.6004,99.6004,illustrative_scenario
new_forward,0,G05-0055,fly,167,1791019500000,1791019800000,168,,0.4508607788054166,0.09827844238916683,0.04237831075594702,DOWN,,UP,False,2.0,100.16755421051394,99.96721910209291,illustrative_scenario
new_forward,0,G05-0059,volume,167,1791019500000,1791019800000,168,,0.44058131180090776,0.11883737639818448,0.11548886865098622,DOWN,,UP,False,2.0,100.754123299118,100.55261505251977,illustrative_scenario
new_forward,0,G03-0043,reversion,168,1791019800000,1791020100000,169,,0.4505662817808013,0.09886743643839735,0.1343455277459651,WAIT,low_confidence,DOWN,,,100.0,100.0,illustrative_scenario
new_forward,0,G04-0003,reversion,168,1791019800000,1791020100000,169,,0.4508408643647738,0.09831827127045245,0.13232499615696558,WAIT,low_confidence,DOWN,,,100.0,100.0,illustrative_scenario
new_forward,0,G05-0036,reversion,168,1791019800000,1791020100000,169,,0.4570054837762723,0.08598903244745537,0.14305914619451643,WAIT,low_confidence,DOWN,,,99.6004,99.6004,illustrative_scenario
new_forward,0,G05-0055,fly,168,1791019800000,1791020100000,169,,0.4533720858798215,0.09325582824035705,0.04237831075594702,DOWN,,DOWN,True,2.0,99.96721910209291,100.15515747400485,illustrative_scenario
new_forward,0,G05-0059,volume,168,1791019800000,1791020100000,169,,0.48004736076500987,0.039905278469980265,0.11548886865098622,WAIT,low_confidence,DOWN,,,100.55261505251977,100.55261505251977,illustrative_scenario
new_forward,0,G03-0043,reversion,169,1791020100000,1791020400000,170,,0.4458706871423228,0.10825862571535438,0.1343455277459651,WAIT,low_confidence,UP,,,100.0,100.0,illustrative_scenario
new_forward,0,G04-0003,reversion,169,1791020100000,1791020400000,170,,0.4525367435437782,0.09492651291244358,0.13232499615696558,WAIT,low_confidence,UP,,,100.0,100.0,illustrative_scenario
new_forward,0,G05-0036,reversion,169,1791020100000,1791020400000,170,,0.43242172936156015,0.1351565412768797,0.14305914619451643,WAIT,low_confidence,UP,,,99.6004,99.6004,illustrative_scenario
new_forward,0,G05-0055,fly,169,1791020100000,1791020400000,170,,0.4812980494843225,0.03740390103135505,0.04237831075594702,WAIT,low_confidence,UP,,,100.15515747400485,100.15515747400485,illustrative_scenario
new_forward,0,G05-0059,volume,169,1791020100000,1791020400000,170,,0.498697726950739,0.0026045460985220092,0.11548886865098622,WAIT,low_confidence,UP,,,100.55261505251977,100.55261505251977,illustrative_scenario
new_forward,0,G03-0043,reversion,170,1791020400000,1791020700000,171,,0.4662020033110568,0.06759599337788635,0.1343455277459651,WAIT,low_confidence,DOWN,,,100.0,100.0,illustrative_scenario
new_forward,0,G04-0003,reversion,170,1791020400000,1791020700000,171,,0.4643308736395822,0.0713382527208356,0.13232499615696558,WAIT,low_confidence,DOWN,,,100.0,100.0,illustrative_scenario
new_forward,0,G05-0036,reversion,170,1791020400000,1791020700000,171,,0.4763739294222572,0.047252141155485594,0.14305914619451643,WAIT,low_confidence,DOWN,,,99.6004,99.6004,illustrative_scenario
new_forward,0,G05-0055,fly,170,1791020400000,1791020700000,171,,0.4529392044141571,0.09412159117168584,0.04237831075594702,DOWN,,DOWN,True,2.0,100.15515747400485,100.34344917005598,illustrative_scenario
new_forward,0,G05-0059,volume,170,1791020400000,1791020700000,171,,0.48256203840748446,0.03487592318503108,0.11548886865098622,WAIT,low_confidence,DOWN,,,100.55261505251977,100.55261505251977,illustrative_scenario
new_forward,0,G03-0043,reversion,171,1791020700000,1791021000000,172,,0.4499569140675445,0.10008617186491098,0.1343455277459651,WAIT,low_confidence,DOWN,,,100.0,100.0,illustrative_scenario
new_forward,0,G04-0003,reversion,171,1791020700000,1791021000000,172,,0.4560073381429075,0.087985323714185,0.13232499615696558,WAIT,low_confidence,DOWN,,,100.0,100.0,illustrative_scenario
new_forward,0,G05-0036,reversion,171,1791020700000,1791021000000,172,,0.43435301225705153,0.13129397548589694,0.14305914619451643,WAIT,low_confidence,DOWN,,,99.6004,99.6004,illustrative_scenario
new_forward,0,G05-0055,fly,171,1791020700000,1791021000000,172,,0.4835215317719769,0.03295693645604625,0.04237831075594702,WAIT,low_confidence,DOWN,,,100.34344917005598,100.34344917005598,illustrative_scenario
new_forward,0,G05-0059,volume,171,1791020700000,1791021000000,172,,0.4925700922829259,0.01485981543414816,0.11548886865098622,WAIT,low_confidence,DOWN,,,100.55261505251977,100.55261505251977,illustrative_scenario
new_forward,0,G03-0043,reversion,172,1791021000000,1791021300000,173,,0.45139374221242035,0.09721251557515931,0.1343455277459651,WAIT,low_confidence,UP,,,100.0,100.0,illustrative_scenario
new_forward,0,G04-0003,reversion,172,1791021000000,1791021300000,173,,0.45804633270411366,0.08390733459177269,0.13232499615696558,WAIT,low_confidence,UP,,,100.0,100.0,illustrative_scenario
new_forward,0,G05-0036,reversion,172,1791021000000,1791021300000,173,,0.4330547893492314,0.13389042130153717,0.14305914619451643,WAIT,low_confidence,UP,,,99.6004,99.6004,illustrative_scenario
new_forward,0,G05-0055,fly,172,1791021000000,1791021300000,173,,0.48835830649099954,0.023283387018000923,0.04237831075594702,WAIT,low_confidence,UP,,,100.34344917005598,100.34344917005598,illustrative_scenario
new_forward,0,G05-0059,volume,172,1791021000000,1791021300000,173,,0.5042594709854825,0.008518941970965033,0.11548886865098622,WAIT,low_confidence,UP,,,100.55261505251977,100.55261505251977,illustrative_scenario
new_forward,0,G03-0043,reversion,173,1791021300000,1791021600000,174,,0.46522510568346476,0.06954978863307049,0.1343455277459651,WAIT,low_confidence,UP,,,100.0,100.0,illustrative_scenario
new_forward,0,G04-0003,reversion,173,1791021300000,1791021600000,174,,0.4669503778012543,0.06609924439749137,0.13232499615696558,WAIT,low_confidence,UP,,,100.0,100.0,illustrative_scenario
new_forward,0,G05-0036,reversion,173,1791021300000,1791021600000,174,,0.4589022731377054,0.08219545372458925,0.14305914619451643,WAIT,low_confidence,UP,,,99.6004,99.6004,illustrative_scenario
new_forward,0,G05-0055,fly,173,1791021300000,1791021600000,174,,0.474086808822877,0.05182638235424597,0.04237831075594702,DOWN,,UP,False,2.0,100.34344917005598,100.14276227171587,illustrative_scenario
new_forward,0,G05-0059,volume,173,1791021300000,1791021600000,174,,0.48402652561160553,0.03194694877678894,0.11548886865098622,WAIT,low_confidence,UP,,,100.55261505251977,100.55261505251977,illustrative_scenario
new_forward,0,G03-0043,reversion,174,1791021600000,1791021900000,175,,0.47192801574614346,0.05614396850771308,0.1343455277459651,WAIT,low_confidence,UP,,,100.0,100.0,illustrative_scenario
new_forward,0,G04-0003,reversion,174,1791021600000,1791021900000,175,,0.46933490806035993,0.06133018387928013,0.13232499615696558,WAIT,low_confidence,UP,,,100.0,100.0,illustrative_scenario
new_forward,0,G05-0036,reversion,174,1791021600000,1791021900000,175,,0.4776978876846422,0.04460422463071556,0.14305914619451643,WAIT,low_confidence,UP,,,99.6004,99.6004,illustrative_scenario
new_forward,0,G05-0055,fly,174,1791021600000,1791021900000,175,,0.4573492100519788,0.08530157989604237,0.04237831075594702,DOWN,,UP,False,2.0,100.14276227171587,99.94247674717244,illustrative_scenario
new_forward,0,G05-0059,volume,174,1791021600000,1791021900000,175,,0.4643045106310745,0.07139097873785105,0.11548886865098622,WAIT,low_confidence,UP,,,100.55261505251977,100.55261505251977,illustrative_scenario
new_forward,0,G03-0043,reversion,175,1791021900000,1791022200000,176,,0.4598256475388956,0.0803487049222088,0.1343455277459651,WAIT,low_confidence,UP,,,100.0,100.0,illustrative_scenario
new_forward,0,G04-0003,reversion,175,1791021900000,1791022200000,176,,0.45789284640868794,0.08421430718262413,0.13232499615696558,WAIT,low_confidence,UP,,,100.0,100.0,illustrative_scenario
new_forward,0,G05-0036,reversion,175,1791021900000,1791022200000,176,,0.46642360096969937,0.06715279806060126,0.14305914619451643,WAIT,low_confidence,UP,,,99.6004,99.6004,illustrative_scenario
new_forward,0,G05-0055,fly,175,1791021900000,1791022200000,176,,0.4505627049821382,0.09887459003572363,0.04237831075594702,DOWN,,UP,False,2.0,99.94247674717244,99.74259179367809,illustrative_scenario
new_forward,0,G05-0059,volume,175,1791021900000,1791022200000,176,,0.45602795455178347,0.08794409089643307,0.11548886865098622,WAIT,low_confidence,UP,,,100.55261505251977,100.55261505251977,illustrative_scenario
new_forward,0,G03-0043,reversion,176,1791022200000,1791022500000,177,,0.4370459402155975,0.125908119568805,0.1343455277459651,WAIT,low_confidence,UP,,,100.0,100.0,illustrative_scenario
new_forward,0,G04-0003,reversion,176,1791022200000,1791022500000,177,,0.44558615316394456,0.10882769367211087,0.13232499615696558,WAIT,low_confidence,UP,,,100.0,100.0,illustrative_scenario
new_forward,0,G05-0036,reversion,176,1791022200000,1791022500000,177,,0.41107320969658556,0.17785358060682888,0.14305914619451643,DOWN,,UP,False,2.0,99.6004,99.4011992,illustrative_scenario
new_forward,0,G05-0055,fly,176,1791022200000,1791022500000,177,,0.483068755258792,0.03386248948241599,0.04237831075594702,WAIT,low_confidence,UP,,,99.74259179367809,99.74259179367809,illustrative_scenario
new_forward,0,G05-0059,volume,176,1791022200000,1791022500000,177,,0.4246958281253233,0.1506083437493534,0.11548886865098622,DOWN,,UP,False,2.0,100.55261505251977,100.35150982241473,illustrative_scenario
new_forward,0,G03-0043,reversion,177,1791022500000,1791022800000,178,,0.4478445874363957,0.10431082512720857,0.1343455277459651,WAIT,low_confidence,DOWN,,,100.0,100.0,illustrative_scenario
new_forward,0,G04-0003,reversion,177,1791022500000,1791022800000,178,,0.44879104115885804,0.10241791768228392,0.13232499615696558,WAIT,low_confidence,DOWN,,,100.0,100.0,illustrative_scenario
new_forward,0,G05-0036,reversion,177,1791022500000,1791022800000,178,,0.4497102799246126,0.1005794401507748,0.14305914619451643,WAIT,low_confidence,DOWN,,,99.4011992,99.4011992,illustrative_scenario
new_forward,0,G05-0055,fly,177,1791022500000,1791022800000,178,,0.4530752277727624,0.09384954445447524,0.04237831075594702,DOWN,,DOWN,True,2.0,99.74259179367809,99.9301078662502,illustrative_scenario
new_forward,0,G05-0059,volume,177,1791022500000,1791022800000,178,,0.45674999592142423,0.08650000815715153,0.11548886865098622,WAIT,low_confidence,DOWN,,,100.35150982241473,100.35150982241473,illustrative_scenario
new_forward,0,G03-0043,reversion,178,1791022800000,1791023100000,179,,0.43980045760036623,0.12039908479926753,0.1343455277459651,WAIT,low_confidence,UP,,,100.0,100.0,illustrative_scenario
new_forward,0,G04-0003,reversion,178,1791022800000,1791023100000,179,,0.4454625632884197,0.10907487342316058,0.13232499615696558,WAIT,low_confidence,UP,,,100.0,100.0,illustrative_scenario
new_forward,0,G05-0036,reversion,178,1791022800000,1791023100000,179,,0.4262357834677318,0.14752843306453645,0.14305914619451643,DOWN,,UP,False,2.0,99.4011992,99.20239680159999,illustrative_scenario
new_forward,0,G05-0055,fly,178,1791022800000,1791023100000,179,,0.4747478548397384,0.05050429032052317,0.04237831075594702,DOWN,,UP,False,2.0,99.9301078662502,99.7302476505177,illustrative_scenario
new_forward,0,G05-0059,volume,178,1791022800000,1791023100000,179,,0.48915657624267633,0.021686847514647334,0.11548886865098622,WAIT,low_confidence,UP,,,100.35150982241473,100.35150982241473,illustrative_scenario
new_forward,0,G03-0043,reversion,179,1791023100000,1791023400000,180,,0.44688902971853245,0.1062219405629351,0.1343455277459651,WAIT,low_confidence,DOWN,,,100.0,100.0,illustrative_scenario
new_forward,0,G04-0003,reversion,179,1791023100000,1791023400000,180,,0.4457644514679657,0.10847109706406854,0.13232499615696558,WAIT,low_confidence,DOWN,,,100.0,100.0,illustrative_scenario
new_forward,0,G05-0036,reversion,179,1791023100000,1791023400000,180,,0.4550992019097917,0.08980159618041661,0.14305914619451643,WAIT,low_confidence,DOWN,,,99.20239680159999,99.20239680159999,illustrative_scenario
new_forward,0,G05-0055,fly,179,1791023100000,1791023400000,180,,0.443163164127357,0.11367367174528598,0.04237831075594702,DOWN,,DOWN,True,2.0,99.7302476505177,99.91774051610066,illustrative_scenario
new_forward,0,G05-0059,volume,179,1791023100000,1791023400000,180,,0.4645230204186925,0.07095395916261504,0.11548886865098622,WAIT,low_confidence,DOWN,,,100.35150982241473,100.35150982241473,illustrative_scenario
new_forward,0,G03-0043,reversion,180,1791023400000,1791023700000,181,,0.4453708596045582,0.10925828079088362,0.1343455277459651,WAIT,low_confidence,DOWN,,,100.0,100.0,illustrative_scenario
new_forward,0,G04-0003,reversion,180,1791023400000,1791023700000,181,,0.4481434544267237,0.10371309114655258,0.13232499615696558,WAIT,low_confidence,DOWN,,,100.0,100.0,illustrative_scenario
new_forward,0,G05-0036,reversion,180,1791023400000,1791023700000,181,,0.43983574327686303,0.12032851344627393,0.14305914619451643,WAIT,low_confidence,DOWN,,,99.20239680159999,99.20239680159999,illustrative_scenario
new_forward,0,G05-0055,fly,180,1791023400000,1791023700000,181,,0.4645966654568131,0.07080666908637379,0.04237831075594702,DOWN,,DOWN,True,2.0,99.91774051610066,100.10558586827094,illustrative_scenario
new_forward,0,G05-0059,volume,180,1791023400000,1791023700000,181,,0.4787662074912892,0.04246758501742165,0.11548886865098622,WAIT,low_confidence,DOWN,,,100.35150982241473,100.35150982241473,illustrative_scenario
new_forward,0,G03-0043,reversion,181,1791023700000,1791024000000,182,,0.4546155396563333,0.09076892068733344,0.1343455277459651,WAIT,low_confidence,DOWN,,,100.0,100.0,illustrative_scenario
new_forward,0,G04-0003,reversion,181,1791023700000,1791024000000,182,,0.4577539709278141,0.08449205814437177,0.13232499615696558,WAIT,low_confidence,DOWN,,,100.0,100.0,illustrative_scenario
new_forward,0,G05-0036,reversion,181,1791023700000,1791024000000,182,,0.44945516986606965,0.1010896602678607,0.14305914619451643,WAIT,low_confidence,DOWN,,,99.20239680159999,99.20239680159999,illustrative_scenario
new_forward,0,G05-0055,fly,181,1791023700000,1791024000000,182,,0.46947044254814746,0.06105911490370508,0.04237831075594702,DOWN,,DOWN,True,2.0,100.10558586827094,100.29378436970329,illustrative_scenario
new_forward,0,G05-0059,volume,181,1791023700000,1791024000000,182,,0.4817427417778937,0.03651451644421255,0.11548886865098622,WAIT,low_confidence,DOWN,,,100.35150982241473,100.35150982241473,illustrative_scenario
new_forward,0,G03-0043,reversion,182,1791024000000,1791024300000,183,,0.4568496624996522,0.0863006750006956,0.1343455277459651,WAIT,low_confidence,DOWN,,,100.0,100.0,illustrative_scenario
new_forward,0,G04-0003,reversion,182,1791024000000,1791024300000,183,,0.46386790631003866,0.07226418737992268,0.13232499615696558,WAIT,low_confidence,DOWN,,,100.0,100.0,illustrative_scenario
new_forward,0,G05-0036,reversion,182,1791024000000,1791024300000,183,,0.43466953937288966,0.13066092125422069,0.14305914619451643,WAIT,low_confidence,DOWN,,,99.20239680159999,99.20239680159999,illustrative_scenario
new_forward,0,G05-0055,fly,182,1791024000000,1791024300000,183,,0.49279741224932416,0.014405175501351675,0.04237831075594702,WAIT,low_confidence,DOWN,,,100.29378436970329,100.29378436970329,illustrative_scenario
new_forward,0,G05-0059,volume,182,1791024000000,1791024300000,183,,0.4884786640048528,0.023042671990294417,0.11548886865098622,WAIT,low_confidence,DOWN,,,100.35150982241473,100.35150982241473,illustrative_scenario
new_forward,0,G03-0043,reversion,183,1791024300000,1791024600000,184,,0.4626778931864504,0.07464421362709917,0.1343455277459651,WAIT,low_confidence,UP,,,100.0,100.0,illustrative_scenario
new_forward,0,G04-0003,reversion,183,1791024300000,1791024600000,184,,0.46843975213753825,0.06312049572492351,0.13232499615696558,WAIT,low_confidence,UP,,,100.0,100.0,illustrative_scenario
new_forward,0,G05-0036,reversion,183,1791024300000,1791024600000,184,,0.44082661070859674,0.11834677858280651,0.14305914619451643,WAIT,low_confidence,UP,,,99.20239680159999,99.20239680159999,illustrative_scenario
new_forward,0,G05-0055,fly,183,1791024300000,1791024600000,184,,0.4941560515882442,0.011687896823511568,0.04237831075594702,WAIT,low_confidence,UP,,,100.29378436970329,100.29378436970329,illustrative_scenario
new_forward,0,G05-0059,volume,183,1791024300000,1791024600000,184,,0.5025973165129538,0.0051946330259076134,0.11548886865098622,WAIT,low_confidence,UP,,,100.35150982241473,100.35150982241473,illustrative_scenario
new_forward,0,G03-0043,reversion,184,1791024600000,1791024900000,185,,0.47401669430783777,0.05196661138432446,0.1343455277459651,WAIT,low_confidence,UP,,,100.0,100.0,illustrative_scenario
new_forward,0,G04-0003,reversion,184,1791024600000,1791024900000,185,,0.4710172948164896,0.05796541036702085,0.13232499615696558,WAIT,low_confidence,UP,,,100.0,100.0,illustrative_scenario
new_forward,0,G05-0036,reversion,184,1791024600000,1791024900000,185,,0.48179287229380735,0.0364142554123853,0.14305914619451643,WAIT,low_confidence,UP,,,99.20239680159999,99.20239680159999,illustrative_scenario
new_forward,0,G05-0055,fly,184,1791024600000,1791024900000,185,,0.4569915108054227,0.08601697838915456,0.04237831075594702,DOWN,,UP,False,2.0,100.29378436970329,100.09319680096388,illustrative_scenario
new_forward,0,G05-0059,volume,184,1791024600000,1791024900000,185,,0.48315379289493326,0.03369241421013347,0.11548886865098622,WAIT,low_confidence,UP,,,100.35150982241473,100.35150982241473,illustrative_scenario
new_forward,0,G03-0043,reversion,185,1791024900000,1791025200000,186,,0.47410387235791623,0.05179225528416753,0.1343455277459651,WAIT,low_confidence,UP,,,100.0,100.0,illustrative_scenario
new_forward,0,G04-0003,reversion,185,1791024900000,1791025200000,186,,0.4710162743579552,0.057967451284089644,0.13232499615696558,WAIT,low_confidence,UP,,,100.0,100.0,illustrative_scenario
new_forward,0,G05-0036,reversion,185,1791024900000,1791025200000,186,,0.4815577145065168,0.0368845709869664,0.14305914619451643,WAIT,low_confidence,UP,,,99.20239680159999,99.20239680159999,illustrative_scenario
new_forward,0,G05-0055,fly,185,1791024900000,1791025200000,186,,0.4574356661403702,0.08512866771925964,0.04237831075594702,DOWN,,UP,False,2.0,100.09319680096388,99.89301040736196,illustrative_scenario
new_forward,0,G05-0059,volume,185,1791024900000,1791025200000,186,,0.478834038985989,0.04233192202802205,0.11548886865098622,WAIT,low_confidence,UP,,,100.35150982241473,100.35150982241473,illustrative_scenario
new_forward,0,G03-0043,reversion,186,1791025200000,1791025500000,187,,0.46409488694589857,0.07181022610820287,0.1343455277459651,WAIT,low_confidence,UP,,,100.0,100.0,illustrative_scenario
new_forward,0,G04-0003,reversion,186,1791025200000,1791025500000,187,,0.46254580652665644,0.07490838694668711,0.13232499615696558,WAIT,low_confidence,UP,,,100.0,100.0,illustrative_scenario
new_forward,0,G05-0036,reversion,186,1791025200000,1791025500000,187,,0.46894993611665386,0.06210012776669227,0.14305914619451643,WAIT,low_confidence,UP,,,99.20239680159999,99.20239680159999,illustrative_scenario
new_forward,0,G05-0055,fly,186,1791025200000,1791025500000,187,,0.4528832191558638,0.09423356168827235,0.04237831075594702,DOWN,,UP,False,2.0,99.89301040736196,99.69322438654723,illustrative_scenario
new_forward,0,G05-0059,volume,186,1791025200000,1791025500000,187,,0.4414773601664167,0.1170452796671666,0.11548886865098622,DOWN,,UP,False,2.0,100.35150982241473,100.15080680276989,illustrative_scenario
new_forward,0,G03-0043,reversion,187,1791025500000,1791025800000,188,,0.4526018526981577,0.09479629460368455,0.1343455277459651,WAIT,low_confidence,DOWN,,,100.0,100.0,illustrative_scenario
new_forward,0,G04-0003,reversion,187,1791025500000,1791025800000,188,,0.45145635411819046,0.09708729176361908,0.13232499615696558,WAIT,low_confidence,DOWN,,,100.0,100.0,illustrative_scenario
new_forward,0,G05-0036,reversion,187,1791025500000,1791025800000,188,,0.45886635897369216,0.08226728205261569,0.14305914619451643,WAIT,low_confidence,DOWN,,,99.20239680159999,99.20239680159999,illustrative_scenario
new_forward,0,G05-0055,fly,187,1791025500000,1791025800000,188,,0.4484885942740415,0.10302281145191705,0.04237831075594702,DOWN,,DOWN,True,2.0,99.69322438654723,99.88064764839393,illustrative_scenario
new_forward,0,G05-0059,volume,187,1791025500000,1791025800000,188,,0.4591913807071992,0.08161723858560155,0.11548886865098622,WAIT,low_confidence,DOWN,,,100.15080680276989,100.15080680276989,illustrative_scenario
new_forward,0,G03-0043,reversion,188,1791025800000,1791026100000,189,,0.44233082544781976,0.11533834910436047,0.1343455277459651,WAIT,low_confidence,UP,,,100.0,100.0,illustrative_scenario
new_forward,0,G04-0003,reversion,188,1791025800000,1791026100000,189,,0.4504286671625235,0.099142665674953,0.13232499615696558,WAIT,low_confidence,UP,,,100.0,100.0,illustrative_scenario
new_forward,0,G05-0036,reversion,188,1791025800000,1791026100000,189,,0.42262307576107755,0.1547538484778449,0.14305914619451643,DOWN,,UP,False,2.0,99.20239680159999,99.00399200799679,illustrative_scenario
new_forward,0,G05-0055,fly,188,1791025800000,1791026100000,189,,0.4876839175801615,0.024632164839677007,0.04237831075594702,WAIT,low_confidence,UP,,,99.88064764839393,99.88064764839393,illustrative_scenario
new_forward,0,G05-0059,volume,188,1791025800000,1791026100000,189,,0.48625920771801306,0.02748158456397387,0.11548886865098622,WAIT,low_confidence,UP,,,100.15080680276989,100.15080680276989,illustrative_scenario
new_forward,0,G03-0043,reversion,189,1791026100000,1791026400000,190,,0.45476916456788635,0.0904616708642273,0.1343455277459651,WAIT,low_confidence,DOWN,,,100.0,100.0,illustrative_scenario
new_forward,0,G04-0003,reversion,189,1791026100000,1791026400000,190,,0.45522348043196803,0.08955303913606394,0.13232499615696558,WAIT,low_confidence,DOWN,,,100.0,100.0,illustrative_scenario
new_forward,0,G05-0036,reversion,189,1791026100000,1791026400000,190,,0.45923565348395856,0.08152869303208288,0.14305914619451643,WAIT,low_confidence,DOWN,,,99.00399200799679,99.00399200799679,illustrative_scenario
new_forward,0,G05-0055,fly,189,1791026100000,1791026400000,190,,0.4558149154838901,0.08837016903221984,0.04237831075594702,DOWN,,DOWN,True,2.0,99.88064764839393,100.06842326597291,illustrative_scenario
new_forward,0,G05-0059,volume,189,1791026100000,1791026400000,190,,0.47612153320620887,0.04775693358758226,0.11548886865098622,WAIT,low_confidence,DOWN,,,100.15080680276989,100.15080680276989,illustrative_scenario
new_forward,0,G03-0043,reversion,190,1791026400000,1791026700000,191,,0.46137035657555375,0.0772592868488925,0.1343455277459651,WAIT,low_confidence,UP,,,100.0,100.0,illustrative_scenario
new_forward,0,G04-0003,reversion,190,1791026400000,1791026700000,191,,0.4648099795785879,0.07038004084282423,0.13232499615696558,WAIT,low_confidence,UP,,,100.0,100.0,illustrative_scenario
new_forward,0,G05-0036,reversion,190,1791026400000,1791026700000,191,,0.4513472052328111,0.09730558953437785,0.14305914619451643,WAIT,low_confidence,UP,,,99.00399200799679,99.00399200799679,illustrative_scenario
new_forward,0,G05-0055,fly,190,1791026400000,1791026700000,191,,0.48018646441824614,0.03962707116350772,0.04237831075594702,WAIT,low_confidence,UP,,,100.06842326597291,100.06842326597291,illustrative_scenario
new_forward,0,G05-0059,volume,190,1791026400000,1791026700000,191,,0.49042097310661675,0.019158053786766494,0.11548886865098622,WAIT,low_confidence,UP,,,100.15080680276989,100.15080680276989,illustrative_scenario
new_forward,0,G03-0043,reversion,191,1791026700000,1791027000000,192,,0.47537251279180714,0.04925497441638571,0.1343455277459651,WAIT,low_confidence,DOWN,,,100.0,100.0,illustrative_scenario
new_forward,0,G04-0003,reversion,191,1791026700000,1791027000000,192,,0.4732488593527943,0.05350228129441137,0.13232499615696558,WAIT,low_confidence,DOWN,,,100.0,100.0,illustrative_scenario
new_forward,0,G05-0036,reversion,191,1791026700000,1791027000000,192,,0.4825383714646252,0.034923257070749614,0.14305914619451643,WAIT,low_confidence,DOWN,,,99.00399200799679,99.00399200799679,illustrative_scenario
new_forward,0,G05-0055,fly,191,1791026700000,1791027000000,192,,0.4618995896165054,0.0762008207669892,0.04237831075594702,DOWN,,DOWN,True,2.0,100.06842326597291,100.25655190171294,illustrative_scenario
new_forward,0,G05-0059,volume,191,1791026700000,1791027000000,192,,0.48703220202709946,0.025935595945801082,0.11548886865098622,WAIT,low_confidence,DOWN,,,100.15080680276989,100.15080680276989,illustrative_scenario
new_forward,0,G03-0043,reversion,192,1791027000000,1791027300000,193,,0.4670798814021071,0.0658402371957858,0.1343455277459651,WAIT,low_confidence,UP,,,100.0,100.0,illustrative_scenario
new_forward,0,G04-0003,reversion,192,1791027000000,1791027300000,193,,0.47163394543140685,0.05673210913718629,0.13232499615696558,WAIT,low_confidence,UP,,,100.0,100.0,illustrative_scenario
new_forward,0,G05-0036,reversion,192,1791027000000,1791027300000,193,,0.44898767739807977,0.10202464520384047,0.14305914619451643,WAIT,low_confidence,UP,,,99.00399200799679,99.00399200799679,illustrative_scenario
new_forward,0,G05-0055,fly,192,1791027000000,1791027300000,193,,0.4930856628981877,0.013828674203624547,0.04237831075594702,WAIT,low_confidence,UP,,,100.25655190171294,100.25655190171294,illustrative_scenario
new_forward,0,G05-0059,volume,192,1791027000000,1791027300000,193,,0.5014786677495621,0.0029573354991241363,0.11548886865098622,WAIT,low_confidence,UP,,,100.15080680276989,100.15080680276989,illustrative_scenario
new_forward,0,G03-0043,reversion,193,1791027300000,1791027600000,194,,0.4715989053134476,0.05680218937310477,0.1343455277459651,WAIT,low_confidence,UP,,,100.0,100.0,illustrative_scenario
new_forward,0,G04-0003,reversion,193,1791027300000,1791027600000,194,,0.4703868855719113,0.059226228856177454,0.13232499615696558,WAIT,low_confidence,UP,,,100.0,100.0,illustrative_scenario
new_forward,0,G05-0036,reversion,193,1791027300000,1791027600000,194,,0.47240976116979017,0.05518047766041967,0.14305914619451643,WAIT,low_confidence,UP,,,99.00399200799679,99.00399200799679,illustrative_scenario
new_forward,0,G05-0055,fly,193,1791027300000,1791027600000,194,,0.4630800019573873,0.0738399960852254,0.04237831075594702,DOWN,,UP,False,2.0,100.25655190171294,100.05603879790951,illustrative_scenario
new_forward,0,G05-0059,volume,193,1791027300000,1791027600000,194,,0.4628459275798174,0.07430814484036519,0.11548886865098622,WAIT,low_confidence,UP,,,100.15080680276989,100.15080680276989,illustrative_scenario
new_forward,0,G03-0043,reversion,194,1791027600000,1791027900000,195,,0.4596554927907293,0.08068901441854137,0.1343455277459651,WAIT,low_confidence,DOWN,,,100.0,100.0,illustrative_scenario
new_forward,0,G04-0003,reversion,194,1791027600000,1791027900000,195,,0.45826867425028306,0.08346265149943388,0.13232499615696558,WAIT,low_confidence,DOWN,,,100.0,100.0,illustrative_scenario
new_forward,0,G05-0036,reversion,194,1791027600000,1791027900000,195,,0.465702202876932,0.06859559424613604,0.14305914619451643,WAIT,low_confidence,DOWN,,,99.00399200799679,99.00399200799679,illustrative_scenario
new_forward,0,G05-0055,fly,194,1791027600000,1791027900000,195,,0.45190425630447073,0.09619148739105854,0.04237831075594702,DOWN,,DOWN,True,2.0,100.05603879790951,100.24414415084958,illustrative_scenario
new_forward,0,G05-0059,volume,194,1791027600000,1791027900000,195,,0.4496719934160722,0.10065601316785555,0.11548886865098622,WAIT,low_confidence,DOWN,,,100.15080680276989,100.15080680276989,illustrative_scenario
new_forward,0,G03-0043,reversion,195,1791027900000,1791028200000,196,,0.4440201719828758,0.1119596560342484,0.1343455277459651,WAIT,low_confidence,UP,,,100.0,100.0,illustrative_scenario
new_forward,0,G04-0003,reversion,195,1791027900000,1791028200000,196,,0.45226905644363075,0.09546188711273851,0.13232499615696558,WAIT,low_confidence,UP,,,100.0,100.0,illustrative_scenario
new_forward,0,G05-0036,reversion,195,1791027900000,1791028200000,196,,0.42174517064482403,0.15650965871035194,0.14305914619451643,DOWN,,UP,False,2.0,99.00399200799679,98.8059840239808,illustrative_scenario
new_forward,0,G05-0055,fly,195,1791027900000,1791028200000,196,,0.4870759340043772,0.025848131991245582,0.04237831075594702,WAIT,low_confidence,UP,,,100.24414415084958,100.24414415084958,illustrative_scenario
new_forward,0,G05-0059,volume,195,1791027900000,1791028200000,196,,0.45979319359253656,0.08041361281492687,0.11548886865098622,WAIT,low_confidence,UP,,,100.15080680276989,100.15080680276989,illustrative_scenario
new_forward,0,G03-0043,reversion,196,1791028200000,1791028500000,197,,0.45497738534395893,0.09004522931208214,0.1343455277459651,WAIT,low_confidence,UP,,,100.0,100.0,illustrative_scenario
new_forward,0,G04-0003,reversion,196,1791028200000,1791028500000,197,,0.4564659028456716,0.08706819430865675,0.13232499615696558,WAIT,low_confidence,UP,,,100.0,100.0,illustrative_scenario
new_forward,0,G05-0036,reversion,196,1791028200000,1791028500000,197,,0.4545878045574739,0.09082439088505223,0.14305914619451643,WAIT,low_confidence,UP,,,98.8059840239808,98.8059840239808,illustrative_scenario
new_forward,0,G05-0055,fly,196,1791028200000,1791028500000,197,,0.4626502131401179,0.07469957371976421,0.04237831075594702,DOWN,,UP,False,2.0,100.24414415084958,100.04365586254788,illustrative_scenario
new_forward,0,G05-0059,volume,196,1791028200000,1791028500000,197,,0.48046822190939936,0.039063556181201275,0.11548886865098622,WAIT,low_confidence,UP,,,100.15080680276989,100.15080680276989,illustrative_scenario
new_forward,0,G03-0043,reversion,197,1791028500000,1791028800000,198,,0.4573118512604385,0.08537629747912301,0.1343455277459651,WAIT,low_confidence,UP,,,100.0,100.0,illustrative_scenario
new_forward,0,G04-0003,reversion,197,1791028500000,1791028800000,198,,0.4561672676982831,0.08766546460343383,0.13232499615696558,WAIT,low_confidence,UP,,,100.0,100.0,illustrative_scenario
new_forward,0,G05-0036,reversion,197,1791028500000,1791028800000,198,,0.4633902436782943,0.07321951264341142,0.14305914619451643,WAIT,low_confidence,UP,,,98.8059840239808,98.8059840239808,illustrative_scenario
new_forward,0,G05-0055,fly,197,1791028500000,1791028800000,198,,0.45143909826231204,0.09712180347537591,0.04237831075594702,DOWN,,UP,False,2.0,100.04365586254788,99.84356855082278,illustrative_scenario
new_forward,0,G05-0059,volume,197,1791028500000,1791028800000,198,,0.45685459186490246,0.08629081627019508,0.11548886865098622,WAIT,low_confidence,UP,,,100.15080680276989,100.15080680276989,illustrative_scenario
new_forward,0,G03-0043,reversion,198,1791028800000,1791029100000,199,,0.45007728028976457,0.09984543942047086,0.1343455277459651,WAIT,low_confidence,UP,,,100.0,100.0,illustrative_scenario
new_forward,0,G04-0003,reversion,198,1791028800000,1791029100000,199,,0.4498835998506603,0.10023280029867943,0.13232499615696558,WAIT,low_confidence,UP,,,100.0,100.0,illustrative_scenario
new_forward,0,G05-0036,reversion,198,1791028800000,1791029100000,199,,0.4554035737434194,0.08919285251316122,0.14305914619451643,WAIT,low_confidence,UP,,,98.8059840239808,98.8059840239808,illustrative_scenario
new_forward,0,G05-0055,fly,198,1791028800000,1791029100000,199,,0.4489255571510045,0.10214888569799097,0.04237831075594702,DOWN,,UP,False,2.0,99.84356855082278,99.64388141372113,illustrative_scenario
new_forward,0,G05-0059,volume,198,1791028800000,1791029100000,199,,0.4387151727346037,0.1225696545307926,0.11548886865098622,DOWN,,UP,False,2.0,100.15080680276989,99.95050518916435,illustrative_scenario
new_forward,0,G03-0043,reversion,199,1791029100000,1791029400000,200,,0.4462942578510005,0.10741148429799896,0.1343455277459651,WAIT,low_confidence,UP,,,100.0,100.0,illustrative_scenario
new_forward,0,G04-0003,reversion,199,1791029100000,1791029400000,200,,0.4493728799719703,0.10125424005605943,0.13232499615696558,WAIT,low_confidence,UP,,,100.0,100.0,illustrative_scenario
new_forward,0,G05-0036,reversion,199,1791029100000,1791029400000,200,,0.44028383131577825,0.1194323373684435,0.14305914619451643,WAIT,low_confidence,UP,,,98.8059840239808,98.8059840239808,illustrative_scenario
new_forward,0,G05-0055,fly,199,1791029100000,1791029400000,200,,0.466479059189511,0.06704188162097802,0.04237831075594702,DOWN,,UP,False,2.0,99.64388141372113,99.4445936508937,illustrative_scenario
new_forward,0,G05-0059,volume,199,1791029100000,1791029400000,200,,0.47676159940132296,0.04647680119735409,0.11548886865098622,WAIT,low_confidence,UP,,,99.95050518916435,99.95050518916435,illustrative_scenario
new_forward,0,G03-0043,reversion,200,1791029400000,1791029700000,201,,0.45326976000496777,0.09346047999006446,0.1343455277459651,WAIT,low_confidence,DOWN,,,100.0,100.0,illustrative_scenario
new_forward,0,G04-0003,reversion,200,1791029400000,1791029700000,201,,0.45207240849594754,0.09585518300810492,0.13232499615696558,WAIT,low_confidence,DOWN,,,100.0,100.0,illustrative_scenario
new_forward,0,G05-0036,reversion,200,1791029400000,1791029700000,201,,0.4623089115210281,0.0753821769579438,0.14305914619451643,WAIT,low_confidence,DOWN,,,98.8059840239808,98.8059840239808,illustrative_scenario
new_forward,0,G05-0055,fly,200,1791029400000,1791029700000,201,,0.44811726036550203,0.10376547926899593,0.04237831075594702,DOWN,,DOWN,True,2.0,99.4445936508937,99.63154948695737,illustrative_scenario
new_forward,0,G05-0059,volume,200,1791029400000,1791029700000,201,,0.4685422675347621,0.06291546493047584,0.11548886865098622,WAIT,low_confidence,DOWN,,,99.95050518916435,99.95050518916435,illustrative_scenario
new_forward,0,G03-0043,reversion,201,1791029700000,1791030000000,202,,0.44963980565053807,0.10072038869892386,0.1343455277459651,WAIT,low_confidence,UP,,,100.0,100.0,illustrative_scenario
new_forward,0,G04-0003,reversion,201,1791029700000,1791030000000,202,,0.45460365351796095,0.0907926929640781,0.13232499615696558,WAIT,low_confidence,UP,,,100.0,100.0,illustrative_scenario
new_forward,0,G05-0036,reversion,201,1791029700000,1791030000000,202,,0.43985350417229097,0.12029299165541807,0.14305914619451643,WAIT,low_confidence,UP,,,98.8059840239808,98.8059840239808,illustrative_scenario
new_forward,0,G05-0055,fly,201,1791029700000,1791030000000,202,,0.4779403281681024,0.04411934366379522,0.04237831075594702,DOWN,,UP,False,2.0,99.63154948695737,99.43228638798345,illustrative_scenario
new_forward,0,G05-0059,volume,201,1791029700000,1791030000000,202,,0.49455857514231,0.010882849715380005,0.11548886865098622,WAIT,low_confidence,UP,,,99.95050518916435,99.95050518916435,illustrative_scenario
new_forward,0,G03-0043,reversion,202,1791030000000,1791030300000,203,,0.4419537548328285,0.11609249033434299,0.1343455277459651,WAIT,low_confidence,DOWN,,,100.0,100.0,illustrative_scenario
new_forward,0,G04-0003,reversion,202,1791030000000,1791030300000,203,,0.4434089100241031,0.1131821799517938,0.13232499615696558,WAIT,low_confidence,DOWN,,,100.0,100.0,illustrative_scenario
new_forward,0,G05-0036,reversion,202,1791030000000,1791030300000,203,,0.44423584730199406,0.11152830539601188,0.14305914619451643,WAIT,low_confidence,DOWN,,,98.8059840239808,98.8059840239808,illustrative_scenario
new_forward,0,G05-0055,fly,202,1791030000000,1791030300000,203,,0.44770109561641314,0.10459780876717373,0.04237831075594702,DOWN,,DOWN,True,2.0,99.43228638798345,99.61921908639286,illustrative_scenario
new_forward,0,G05-0059,volume,202,1791030000000,1791030300000,203,,0.44685521823538854,0.10628956352922292,0.11548886865098622,WAIT,low_confidence,DOWN,,,99.95050518916435,99.95050518916435,illustrative_scenario
new_forward,0,G03-0043,reversion,203,1791030300000,1791030600000,204,,0.45283767105099965,0.09432465789800071,0.1343455277459651,WAIT,low_confidence,UP,,,100.0,100.0,illustrative_scenario
new_forward,0,G04-0003,reversion,203,1791030300000,1791030600000,204,,0.4600040272731642,0.07999194545367161,0.13232499615696558,WAIT,low_confidence,UP,,,100.0,100.0,illustrative_scenario
new_forward,0,G05-0036,reversion,203,1791030300000,1791030600000,204,,0.4342382951508599,0.13152340969828025,0.14305914619451643,WAIT,low_confidence,UP,,,98.8059840239808,98.8059840239808,illustrative_scenario
new_forward,0,G05-0055,fly,203,1791030300000,1791030600000,204,,0.4903257998005241,0.019348400398951804,0.04237831075594702,WAIT,low_confidence,UP,,,99.61921908639286,99.61921908639286,illustrative_scenario
new_forward,0,G05-0059,volume,203,1791030300000,1791030600000,204,,0.4895553427810457,0.020889314437908646,0.11548886865098622,WAIT,low_confidence,UP,,,99.95050518916435,99.95050518916435,illustrative_scenario
new_forward,0,G03-0043,reversion,204,1791030600000,1791030900000,205,,0.4643505346102695,0.07129893077946103,0.1343455277459651,WAIT,low_confidence,UP,,,100.0,100.0,illustrative_scenario
new_forward,0,G04-0003,reversion,204,1791030600000,1791030900000,205,,0.4643253788088615,0.07134924238227702,0.13232499615696558,WAIT,low_confidence,UP,,,100.0,100.0,illustrative_scenario
new_forward,0,G05-0036,reversion,204,1791030600000,1791030900000,205,,0.4711420561688886,0.0577158876622228,0.14305914619451643,WAIT,low_confidence,UP,,,98.8059840239808,98.8059840239808,illustrative_scenario
new_forward,0,G05-0055,fly,204,1791030600000,1791030900000,205,,0.45724612226931666,0.08550775546136669,0.04237831075594702,DOWN,,UP,False,2.0,99.61921908639286,99.41998064822008,illustrative_scenario
new_forward,0,G05-0059,volume,204,1791030600000,1791030900000,205,,0.4824244463937986,0.03515110721240278,0.11548886865098622,WAIT,low_confidence,UP,,,99.95050518916435,99.95050518916435,illustrative_scenario
new_forward,0,G03-0043,reversion,205,1791030900000,1791031200000,206,,0.4644084509741829,0.07118309805163425,0.1343455277459651,WAIT,low_confidence,DOWN,,,100.0,100.0,illustrative_scenario
new_forward,0,G04-0003,reversion,205,1791030900000,1791031200000,206,,0.4631586956870649,0.07368260862587017,0.13232499615696558,WAIT,low_confidence,DOWN,,,100.0,100.0,illustrative_scenario
new_forward,0,G05-0036,reversion,205,1791030900000,1791031200000,206,,0.46810138919202127,0.06379722161595747,0.14305914619451643,WAIT,low_confidence,DOWN,,,98.8059840239808,98.8059840239808,illustrative_scenario
new_forward,0,G05-0055,fly,205,1791030900000,1791031200000,206,,0.4560877008800793,0.08782459823984134,0.04237831075594702,DOWN,,DOWN,True,2.0,99.41998064822008,99.60689021183873,illustrative_scenario
new_forward,0,G05-0059,volume,205,1791030900000,1791031200000,206,,0.4713799624715028,0.057240075056994355,0.11548886865098622,WAIT,low_confidence,DOWN,,,99.95050518916435,99.95050518916435,illustrative_scenario
new_forward,0,G03-0043,reversion,206,1791031200000,1791031500000,207,,0.45633156317484913,0.08733687365030174,0.1343455277459651,WAIT,low_confidence,UP,,,100.0,100.0,illustrative_scenario
new_forward,0,G04-0003,reversion,206,1791031200000,1791031500000,207,,0.45950043594488504,0.08099912811022991,0.13232499615696558,WAIT,low_confidence,UP,,,100.0,100.0,illustrative_scenario
new_forward,0,G05-0036,reversion,206,1791031200000,1791031500000,207,,0.4476634633657027,0.10467307326859465,0.14305914619451643,WAIT,low_confidence,UP,,,98.8059840239808,98.8059840239808,illustrative_scenario
new_forward,0,G05-0055,fly,206,1791031200000,1791031500000,207,,0.47108485832448493,0.05783028335103013,0.04237831075594702,DOWN,,UP,False,2.0,99.60689021183873,99.40767643141506,illustrative_scenario
new_forward,0,G05-0059,volume,206,1791031200000,1791031500000,207,,0.4693931521992601,0.06121369560147982,0.11548886865098622,WAIT,low_confidence,UP,,,99.95050518916435,99.95050518916435,illustrative_scenario
new_forward,0,G03-0043,reversion,207,1791031500000,1791031800000,208,,0.445708537708319,0.10858292458336205,0.1343455277459651,WAIT,low_confidence,UP,,,100.0,100.0,illustrative_scenario
new_forward,0,G04-0003,reversion,207,1791031500000,1791031800000,208,,0.4459651211144525,0.10806975777109495,0.13232499615696558,WAIT,low_confidence,UP,,,100.0,100.0,illustrative_scenario
new_forward,0,G05-0036,reversion,207,1791031500000,1791031800000,208,,0.45129407923492426,0.09741184153015148,0.14305914619451643,WAIT,low_confidence,UP,,,98.8059840239808,98.8059840239808,illustrative_scenario
new_forward,0,G05-0055,fly,207,1791031500000,1791031800000,208,,0.4454777758718269,0.10904444825634618,0.04237831075594702,DOWN,,UP,False,2.0,99.40767643141506,99.20886107855223,illustrative_scenario
new_forward,0,G05-0059,volume,207,1791031500000,1791031800000,208,,0.46722648990304483,0.06554702019391034,0.11548886865098622,WAIT,low_confidence,UP,,,99.95050518916435,99.95050518916435,illustrative_scenario
new_forward,0,G03-0043,reversion,208,1791031800000,1791032100000,209,,0.45771800835340176,0.08456398329319648,0.1343455277459651,WAIT,low_confidence,DOWN,,,100.0,100.0,illustrative_scenario
new_forward,0,G04-0003,reversion,208,1791031800000,1791032100000,209,,0.4562344335685168,0.08753113286296643,0.13232499615696558,WAIT,low_confidence,DOWN,,,100.0,100.0,illustrative_scenario
new_forward,0,G05-0036,reversion,208,1791031800000,1791032100000,209,,0.4655425976632763,0.06891480467344735,0.14305914619451643,WAIT,low_confidence,DOWN,,,98.8059840239808,98.8059840239808,illustrative_scenario
new_forward,0,G05-0055,fly,208,1791031800000,1791032100000,209,,0.4486601336299868,0.1026797327400264,0.04237831075594702,DOWN,,DOWN,True,2.0,99.20886107855223,99.39537373737991,illustrative_scenario
new_forward,0,G05-0059,volume,208,1791031800000,1791032100000,209,,0.46518200650899305,0.0696359869820139,0.11548886865098622,WAIT,low_confidence,DOWN,,,99.95050518916435,99.95050518916435,illustrative_scenario
new_forward,0,G03-0043,reversion,209,1791032100000,1791032400000,210,,0.4365387660286072,0.1269224679427856,0.1343455277459651,WAIT,low_confidence,UP,,,100.0,100.0,illustrative_scenario
new_forward,0,G04-0003,reversion,209,1791032100000,1791032400000,210,,0.4446298028014429,0.11074039439711425,0.13232499615696558,WAIT,low_confidence,UP,,,100.0,100.0,illustrative_scenario
new_forward,0,G05-0036,reversion,209,1791032100000,1791032400000,210,,0.41852322745193254,0.1629535450961349,0.14305914619451643,DOWN,,UP,False,2.0,98.8059840239808,98.60837205593283,illustrative_scenario
new_forward,0,G05-0055,fly,209,1791032100000,1791032400000,210,,0.48116642352320327,0.037667152953593463,0.04237831075594702,WAIT,low_confidence,UP,,,99.39537373737991,99.39537373737991,illustrative_scenario
new_forward,0,G05-0059,volume,209,1791032100000,1791032400000,210,,0.4878893526564821,0.02422129468703582,0.11548886865098622,WAIT,low_confidence,UP,,,99.95050518916435,99.95050518916435,illustrative_scenario
new_forward,0,G03-0043,reversion,210,1791032400000,1791032700000,211,,0.4553662309674209,0.08926753806515819,0.1343455277459651,WAIT,low_confidence,UP,,,100.0,100.0,illustrative_scenario
new_forward,0,G04-0003,reversion,210,1791032400000,1791032700000,211,,0.4549925850792518,0.09001482984149645,0.13232499615696558,WAIT,low_confidence,UP,,,100.0,100.0,illustrative_scenario
new_forward,0,G05-0036,reversion,210,1791032400000,1791032700000,211,,0.46161701658395166,0.07676596683209669,0.14305914619451643,WAIT,low_confidence,UP,,,98.60837205593283,98.60837205593283,illustrative_scenario
new_forward,0,G05-0055,fly,210,1791032400000,1791032700000,211,,0.4516244582865474,0.0967510834269052,0.04237831075594702,DOWN,,UP,False,2.0,99.39537373737991,99.19658298990515,illustrative_scenario
new_forward,0,G05-0059,volume,210,1791032400000,1791032700000,211,,0.4673147317915248,0.06537053641695045,0.11548886865098622,WAIT,low_confidence,UP,,,99.95050518916435,99.95050518916435,illustrative_scenario
new_forward,0,G03-0043,reversion,211,1791032700000,1791033000000,212,,0.4568731508252989,0.08625369834940222,0.1343455277459651,WAIT,low_confidence,UP,,,100.0,100.0,illustrative_scenario
new_forward,0,G04-0003,reversion,211,1791032700000,1791033000000,212,,0.455212943958319,0.08957411208336197,0.13232499615696558,WAIT,low_confidence,UP,,,100.0,100.0,illustrative_scenario
new_forward,0,G05-0036,reversion,211,1791032700000,1791033000000,212,,0.46466884016039733,0.07066231967920533,0.14305914619451643,WAIT,low_confidence,UP,,,98.60837205593283,98.60837205593283,illustrative_scenario
new_forward,0,G05-0055,fly,211,1791032700000,1791033000000,212,,0.44845693135887776,0.10308613728224447,0.04237831075594702,DOWN,,UP,False,2.0,99.19658298990515,98.99818982392534,illustrative_scenario
new_forward,0,G05-0059,volume,211,1791032700000,1791033000000,212,,0.4593840468536089,0.08123190629278221,0.11548886865098622,WAIT,low_confidence,UP,,,99.95050518916435,99.95050518916435,illustrative_scenario
new_forward,0,G03-0043,reversion,212,1791033000000,1791033300000,213,,0.43998668632884586,0.12002662734230829,0.1343455277459651,WAIT,low_confidence,DOWN,,,100.0,100.0,illustrative_scenario
new_forward,0,G04-0003,reversion,212,1791033000000,1791033300000,213,,0.44184745492541444,0.11630509014917112,0.13232499615696558,WAIT,low_confidence,DOWN,,,100.0,100.0,illustrative_scenario
new_forward,0,G05-0036,reversion,212,1791033000000,1791033300000,213,,0.4403736058038103,0.1192527883923794,0.14305914619451643,WAIT,low_confidence,DOWN,,,98.60837205593283,98.60837205593283,illustrative_scenario
new_forward,0,G05-0055,fly,212,1791033000000,1791033300000,213,,0.45060887360996504,0.09878225278006991,0.04237831075594702,DOWN,,DOWN,True,2.0,98.99818982392534,99.18430642079433,illustrative_scenario
new_forward,0,G05-0059,volume,212,1791033000000,1791033300000,213,,0.44178120710934776,0.11643758578130448,0.11548886865098622,DOWN,,DOWN,True,2.0,99.95050518916435,100.13841213891997,illustrative_scenario
new_forward,0,G03-0043,reversion,213,1791033300000,1791033600000,214,,0.44976919464170073,0.10046161071659854,0.1343455277459651,WAIT,low_confidence,UP,,,100.0,100.0,illustrative_scenario
new_forward,0,G04-0003,reversion,213,1791033300000,1791033600000,214,,0.4561491713286593,0.08770165734268143,0.13232499615696558,WAIT,low_confidence,UP,,,100.0,100.0,illustrative_scenario
new_forward,0,G05-0036,reversion,213,1791033300000,1791033600000,214,,0.435865843439025,0.12826831312194997,0.14305914619451643,WAIT,low_confidence,UP,,,98.60837205593283,98.60837205593283,illustrative_scenario
new_forward,0,G05-0055,fly,213,1791033300000,1791033600000,214,,0.48164327495526804,0.03671345008946392,0.04237831075594702,WAIT,low_confidence,UP,,,99.18430642079433,99.18430642079433,illustrative_scenario
new_forward,0,G05-0059,volume,213,1791033300000,1791033600000,214,,0.488334428505052,0.023331142989896025,0.11548886865098622,WAIT,low_confidence,UP,,,100.13841213891997,100.13841213891997,illustrative_scenario
new_forward,0,G03-0043,reversion,214,1791033600000,1791033900000,215,,0.4681211885660418,0.06375762286791642,0.1343455277459651,WAIT,low_confidence,UP,,,100.0,100.0,illustrative_scenario
new_forward,0,G04-0003,reversion,214,1791033600000,1791033900000,215,,0.4671330176338903,0.06573396473221937,0.13232499615696558,WAIT,low_confidence,UP,,,100.0,100.0,illustrative_scenario
new_forward,0,G05-0036,reversion,214,1791033600000,1791033900000,215,,0.4724678535710882,0.05506429285782355,0.14305914619451643,WAIT,low_confidence,UP,,,98.60837205593283,98.60837205593283,illustrative_scenario
new_forward,0,G05-0055,fly,214,1791033600000,1791033900000,215,,0.45815563425113476,0.08368873149773048,0.04237831075594702,DOWN,,UP,False,2.0,99.18430642079433,98.98593780795274,illustrative_scenario
new_forward,0,G05-0059,volume,214,1791033600000,1791033900000,215,,0.471403343942139,0.057193312115721984,0.11548886865098622,WAIT,low_confidence,UP,,,100.13841213891997,100.13841213891997,illustrative_scenario
new_forward,0,G03-0043,reversion,215,1791033900000,1791034200000,216,,0.4552090934166817,0.0895818131666366,0.1343455277459651,WAIT,low_confidence,UP,,,100.0,100.0,illustrative_scenario
new_forward,0,G04-0003,reversion,215,1791033900000,1791034200000,216,,0.45443113549095,0.09113772901810002,0.13232499615696558,WAIT,low_confidence,UP,,,100.0,100.0,illustrative_scenario
new_forward,0,G05-0036,reversion,215,1791033900000,1791034200000,216,,0.459407076223958,0.08118584755208402,0.14305914619451643,WAIT,low_confidence,UP,,,98.60837205593283,98.60837205593283,illustrative_scenario
new_forward,0,G05-0055,fly,215,1791033900000,1791034200000,216,,0.45108416211176167,0.09783167577647667,0.04237831075594702,DOWN,,UP,False,2.0,98.98593780795274,98.78796593233683,illustrative_scenario
new_forward,0,G05-0059,volume,215,1791033900000,1791034200000,216,,0.4643667710759819,0.0712664578480362,0.11548886865098622,WAIT,low_confidence,UP,,,100.13841213891997,100.13841213891997,illustrative_scenario
new_forward,0,G03-0043,reversion,216,1791034200000,1791034500000,217,,0.4521011433491906,0.09579771330161879,0.1343455277459651,WAIT,low_confidence,UP,,,100.0,100.0,illustrative_scenario
new_forward,0,G04-0003,reversion,216,1791034200000,1791034500000,217,,0.4511622130937378,0.09767557381252445,0.13232499615696558,WAIT,low_confidence,UP,,,100.0,100.0,illustrative_scenario
new_forward,0,G05-0036,reversion,216,1791034200000,1791034500000,217,,0.4600131122817278,0.07997377543654438,0.14305914619451643,WAIT,low_confidence,UP,,,98.60837205593283,98.60837205593283,illustrative_scenario
new_forward,0,G05-0055,fly,216,1791034200000,1791034500000,217,,0.4464916036042316,0.10701679279153675,0.04237831075594702,DOWN,,UP,False,2.0,98.78796593233683,98.59039000047215,illustrative_scenario
new_forward,0,G05-0059,volume,216,1791034200000,1791034500000,217,,0.4629813551888125,0.07403728962237499,0.11548886865098622,WAIT,low_confidence,UP,,,100.13841213891997,100.13841213891997,illustrative_scenario
new_forward,0,G03-0043,reversion,217,1791034500000,1791034800000,218,,0.44141540348277264,0.11716919303445472,0.1343455277459651,WAIT,low_confidence,UP,,,100.0,100.0,illustrative_scenario
new_forward,0,G04-0003,reversion,217,1791034500000,1791034800000,218,,0.4426642474378171,0.11467150512436575,0.13232499615696558,WAIT,low_confidence,UP,,,100.0,100.0,illustrative_scenario
new_forward,0,G05-0036,reversion,217,1791034500000,1791034800000,218,,0.44241273466247094,0.11517453067505812,0.14305914619451643,WAIT,low_confidence,UP,,,98.60837205593283,98.60837205593283,illustrative_scenario
new_forward,0,G05-0055,fly,217,1791034500000,1791034800000,218,,0.4443683902987431,0.11126321940251382,0.04237831075594702,DOWN,,UP,False,2.0,98.59039000047215,98.3932092204712,illustrative_scenario
new_forward,0,G05-0059,volume,217,1791034500000,1791034800000,218,,0.41808387640389677,0.16383224719220646,0.11548886865098622,DOWN,,UP,False,2.0,100.13841213891997,99.93813531464214,illustrative_scenario
new_forward,0,G03-0043,reversion,218,1791034800000,1791035100000,219,,0.4327886471522364,0.13442270569552717,0.1343455277459651,DOWN,,UP,False,2.0,100.0,99.8,illustrative_scenario
new_forward,0,G04-0003,reversion,218,1791034800000,1791035100000,219,,0.43978901838106005,0.1204219632378799,0.13232499615696558,WAIT,low_confidence,UP,,,100.0,100.0,illustrative_scenario
new_forward,0,G05-0036,reversion,218,1791034800000,1791035100000,219,,0.41642989550252923,0.16714020899494153,0.14305914619451643,DOWN,,UP,False,2.0,98.60837205593283,98.41115531182096,illustrative_scenario
new_forward,0,G05-0055,fly,218,1791034800000,1791035100000,219,,0.47163955974354266,0.056720880512914684,0.04237831075594702,DOWN,,UP,False,2.0,98.3932092204712,98.19642280203027,illustrative_scenario
new_forward,0,G05-0059,volume,218,1791034800000,1791035100000,219,,0.4652718561208288,0.06945628775834245,0.11548886865098622,WAIT,low_confidence,UP,,,99.93813531464214,99.93813531464214,illustrative_scenario
new_forward,0,G03-0043,reversion,219,1791035100000,1791035400000,220,,0.425522251276195,0.14895549744761005,0.1343455277459651,DOWN,,DOWN,True,2.0,99.8,99.987624,illustrative_scenario
new_forward,0,G04-0003,reversion,219,1791035100000,1791035400000,220,,0.42560124979489294,0.1487975004102141,0.13232499615696558,DOWN,,DOWN,True,2.0,100.0,100.188,illustrative_scenario
new_forward,0,G05-0036,reversion,219,1791035100000,1791035400000,220,,0.4364221874128695,0.12715562517426104,0.14305914619451643,WAIT,low_confidence,DOWN,,,98.41115531182096,98.41115531182096,illustrative_scenario
new_forward,0,G05-0055,fly,219,1791035100000,1791035400000,220,,0.42849730774590533,0.14300538450818934,0.04237831075594702,DOWN,,DOWN,True,2.0,98.19642280203027,98.38103207689808,illustrative_scenario
new_forward,0,G05-0059,volume,219,1791035100000,1791035400000,220,,0.4477190700034061,0.10456185999318779,0.11548886865098622,WAIT,low_confidence,DOWN,,,99.93813531464214,99.93813531464214,illustrative_scenario
new_forward,0,G03-0043,reversion,220,1791035400000,1791035700000,221,,0.427026395425888,0.145947209148224,0.1343455277459651,DOWN,,UP,False,2.0,99.987624,99.787648752,illustrative_scenario
new_forward,0,G04-0003,reversion,220,1791035400000,1791035700000,221,,0.43156037207196346,0.13687925585607308,0.13232499615696558,DOWN,,UP,False,2.0,100.188,99.987624,illustrative_scenario
new_forward,0,G05-0036,reversion,220,1791035400000,1791035700000,221,,0.42393616532446865,0.1521276693510627,0.14305914619451643,DOWN,,UP,False,2.0,98.41115531182096,98.21433300119732,illustrative_scenario
new_forward,0,G05-0055,fly,220,1791035400000,1791035700000,221,,0.45460021358891173,0.09079957282217654,0.04237831075594702,DOWN,,UP,False,2.0,98.38103207689808,98.18427001274428,illustrative_scenario
new_forward,0,G05-0059,volume,220,1791035400000,1791035700000,221,,0.47139327036008977,0.05721345927982047,0.11548886865098622,WAIT,low_confidence,UP,,,99.93813531464214,99.93813531464214,illustrative_scenario
new_forward,0,G03-0043,reversion,221,1791035700000,1791036000000,222,,0.4338804594246756,0.13223908115064875,0.1343455277459651,WAIT,low_confidence,DOWN,,,99.787648752,99.787648752,illustrative_scenario
new_forward,0,G04-0003,reversion,221,1791035700000,1791036000000,222,,0.4351824978234492,0.1296350043531016,0.13232499615696558,WAIT,low_confidence,DOWN,,,99.987624,99.987624,illustrative_scenario
new_forward,0,G05-0036,reversion,221,1791035700000,1791036000000,222,,0.4434408727074666,0.11311825458506675,0.14305914619451643,WAIT,low_confidence,DOWN,,,98.21433300119732,98.21433300119732,illustrative_scenario
new_forward,0,G05-0055,fly,221,1791035700000,1791036000000,222,,0.43837849987649724,0.12324300024700552,0.04237831075594702,DOWN,,DOWN,True,2.0,98.18427001274428,98.36885644036823,illustrative_scenario
new_forward,0,G05-0059,volume,221,1791035700000,1791036000000,222,,0.46321980917703787,0.07356038164592427,0.11548886865098622,WAIT,low_confidence,DOWN,,,99.93813531464214,99.93813531464214,illustrative_scenario
new_forward,0,G03-0043,reversion,222,1791036000000,1791036300000,223,,0.43498269705215564,0.13003460589568872,0.1343455277459651,WAIT,low_confidence,UP,,,99.787648752,99.787648752,illustrative_scenario
new_forward,0,G04-0003,reversion,222,1791036000000,1791036300000,223,,0.4402737277490431,0.11945254450191378,0.13232499615696558,WAIT,low_confidence,UP,,,99.987624,99.987624,illustrative_scenario
new_forward,0,G05-0036,reversion,222,1791036000000,1791036300000,223,,0.4268282681193782,0.14634346376124363,0.14305914619451643,DOWN,,UP,False,2.0,98.21433300119732,98.01790433519493,illustrative_scenario
new_forward,0,G05-0055,fly,222,1791036000000,1791036300000,223,,0.4625960463502339,0.07480790729953224,0.04237831075594702,DOWN,,UP,False,2.0,98.36885644036823,98.1721187274875,illustrative_scenario
new_forward,0,G05-0059,volume,222,1791036000000,1791036300000,223,,0.4608635651945618,0.07827286961087643,0.11548886865098622,WAIT,low_confidence,UP,,,99.93813531464214,99.93813531464214,illustrative_scenario
new_forward,0,G03-0043,reversion,223,1791036300000,1791036600000,224,,0.43379173679353344,0.1324165264129331,0.1343455277459651,WAIT,low_confidence,UP,,,99.787648752,99.787648752,illustrative_scenario
new_forward,0,G04-0003,reversion,223,1791036300000,1791036600000,224,,0.43937404604254043,0.12125190791491913,0.13232499615696558,WAIT,low_confidence,UP,,,99.987624,99.987624,illustrative_scenario
new_forward,0,G05-0036,reversion,223,1791036300000,1791036600000,224,,0.4228353208875588,0.15432935822488236,0.14305914619451643,DOWN,,UP,False,2.0,98.01790433519493,97.82186852652454,illustrative_scenario
new_forward,0,G05-0055,fly,223,1791036300000,1791036600000,224,,0.4615593407343586,0.07688131853128277,0.04237831075594702,DOWN,,UP,False,2.0,98.1721187274875,97.97577449003252,illustrative_scenario
new_forward,0,G05-0059,volume,223,1791036300000,1791036600000,224,,0.44022082127598733,0.11955835744802534,0.11548886865098622,DOWN,,UP,False,2.0,99.93813531464214,99.73825904401285,illustrative_scenario
new_forward,0,G03-0043,reversion,224,1791036600000,1791036900000,225,,0.445619725136948,0.10876054972610405,0.1343455277459651,WAIT,low_confidence,UP,,,99.787648752,99.787648752,illustrative_scenario
new_forward,0,G04-0003,reversion,224,1791036600000,1791036900000,225,,0.4459907297793699,0.10801854044126025,0.13232499615696558,WAIT,low_confidence,UP,,,99.987624,99.987624,illustrative_scenario
new_forward,0,G05-0036,reversion,224,1791036600000,1791036900000,225,,0.45094250007299436,0.09811499985401129,0.14305914619451643,WAIT,low_confidence,UP,,,97.82186852652454,97.82186852652454,illustrative_scenario
new_forward,0,G05-0055,fly,224,1791036600000,1791036900000,225,,0.4478431025136707,0.10431379497265858,0.04237831075594702,DOWN,,UP,False,2.0,97.97577449003252,97.77982294105246,illustrative_scenario
new_forward,0,G05-0059,volume,224,1791036600000,1791036900000,225,,0.4655700940792089,0.06885981184158219,0.11548886865098622,WAIT,low_confidence,UP,,,99.73825904401285,99.73825904401285,illustrative_scenario
new_forward,0,G03-0043,reversion,225,1791036900000,1791037200000,226,,0.43724890666415367,0.12550218667169266,0.1343455277459651,WAIT,low_confidence,UP,,,99.787648752,99.787648752,illustrative_scenario
new_forward,0,G04-0003,reversion,225,1791036900000,1791037200000,226,,0.4417232478515328,0.11655350429693445,0.13232499615696558,WAIT,low_confidence,UP,,,99.987624,99.987624,illustrative_scenario
new_forward,0,G05-0036,reversion,225,1791036900000,1791037200000,226,,0.4299520984489321,0.14009580310213576,0.14305914619451643,WAIT,low_confidence,UP,,,97.82186852652454,97.82186852652454,illustrative_scenario
new_forward,0,G05-0055,fly,225,1791036900000,1791037200000,226,,0.460056534104095,0.07988693179180995,0.04237831075594702,DOWN,,UP,False,2.0,97.77982294105246,97.58426329517036,illustrative_scenario
new_forward,0,G05-0059,volume,225,1791036900000,1791037200000,226,,0.4527371118730668,0.09452577625386638,0.11548886865098622,WAIT,low_confidence,UP,,,99.73825904401285,99.73825904401285,illustrative_scenario
new_forward,0,G03-0043,reversion,226,1791037200000,1791037500000,227,,0.4433458361676156,0.11330832766476884,0.1343455277459651,WAIT,low_confidence,UP,,,99.787648752,99.787648752,illustrative_scenario
new_forward,0,G04-0003,reversion,226,1791037200000,1791037500000,227,,0.44291528352349724,0.11416943295300552,0.13232499615696558,WAIT,low_confidence,UP,,,99.987624,99.987624,illustrative_scenario
new_forward,0,G05-0036,reversion,226,1791037200000,1791037500000,227,,0.45365408381666256,0.09269183236667489,0.14305914619451643,WAIT,low_confidence,UP,,,97.82186852652454,97.82186852652454,illustrative_scenario
new_forward,0,G05-0055,fly,226,1791037200000,1791037500000,227,,0.44049621756110746,0.11900756487778508,0.04237831075594702,DOWN,,UP,False,2.0,97.58426329517036,97.38909476858002,illustrative_scenario
new_forward,0,G05-0059,volume,226,1791037200000,1791037500000,227,,0.45739641868294234,0.08520716263411532,0.11548886865098622,WAIT,low_confidence,UP,,,99.73825904401285,99.73825904401285,illustrative_scenario
new_forward,0,G03-0043,reversion,227,1791037500000,1791037800000,228,,0.423778940984795,0.15244211803040997,0.1343455277459651,DOWN,,UP,False,2.0,99.787648752,99.588073454496,illustrative_scenario
new_forward,0,G04-0003,reversion,227,1791037500000,1791037800000,228,,0.42512069167838784,0.14975861664322432,0.13232499615696558,DOWN,,UP,False,2.0,99.987624,99.787648752,illustrative_scenario
new_forward,0,G05-0036,reversion,227,1791037500000,1791037800000,228,,0.428372824819935,0.14325435036013,0.14305914619451643,DOWN,,UP,False,2.0,97.82186852652454,97.6262247894715,illustrative_scenario
new_forward,0,G05-0055,fly,227,1791037500000,1791037800000,228,,0.43215594209935965,0.1356881158012807,0.04237831075594702,DOWN,,UP,False,2.0,97.38909476858002,97.19431657904286,illustrative_scenario
new_forward,0,G05-0059,volume,227,1791037500000,1791037800000,228,,0.4305900627168443,0.1388198745663114,0.11548886865098622,DOWN,,UP,False,2.0,99.73825904401285,99.53878252592483,illustrative_scenario
new_forward,0,G03-0043,reversion,228,1791037800000,1791038100000,229,,0.407712492289399,0.18457501542120203,0.1343455277459651,DOWN,,DOWN,True,2.0,99.588073454496,99.77529903259045,illustrative_scenario
new_forward,0,G04-0003,reversion,228,1791037800000,1791038100000,229,,0.41272442753335775,0.1745511449332845,0.13232499615696558,DOWN,,DOWN,True,2.0,99.787648752,99.97524953165376,illustrative_scenario
new_forward,0,G05-0036,reversion,228,1791037800000,1791038100000,229,,0.4054908186503887,0.18901836269922256,0.14305914619451643,DOWN,,DOWN,True,2.0,97.6262247894715,97.8097620920757,illustrative_scenario
new_forward,0,G05-0055,fly,228,1791037800000,1791038100000,229,,0.43819591305526695,0.1236081738894661,0.04237831075594702,DOWN,,DOWN,True,2.0,97.19431657904286,97.37704189421146,illustrative_scenario
new_forward,0,G05-0059,volume,228,1791037800000,1791038100000,229,,0.43393095968033385,0.1321380806393323,0.11548886865098622,DOWN,,DOWN,True,2.0,99.53878252592483,99.72591543707357,illustrative_scenario
new_forward,0,G03-0043,reversion,229,1791038100000,1791038400000,230,,0.4144888600970635,0.17102227980587303,0.1343455277459651,DOWN,,UP,False,2.0,99.77529903259045,99.57574843452527,illustrative_scenario
new_forward,0,G04-0003,reversion,229,1791038100000,1791038400000,230,,0.42526118228662463,0.14947763542675074,0.13232499615696558,DOWN,,UP,False,2.0,99.97524953165376,99.77529903259045,illustrative_scenario
new_forward,0,G05-0036,reversion,229,1791038100000,1791038400000,230,,0.39504294850958543,0.20991410298082913,0.14305914619451643,DOWN,,UP,False,2.0,97.8097620920757,97.61414256789155,illustrative_scenario
new_forward,0,G05-0055,fly,229,1791038100000,1791038400000,230,,0.47102883854885547,0.05794232290228907,0.04237831075594702,DOWN,,UP,False,2.0,97.37704189421146,97.18228781042303,illustrative_scenario
new_forward,0,G05-0059,volume,229,1791038100000,1791038400000,230,,0.46060243500567527,0.07879512998864946,0.11548886865098622,WAIT,low_confidence,UP,,,99.72591543707357,99.72591543707357,illustrative_scenario
new_forward,0,G03-0043,reversion,230,1791038400000,1791038700000,231,,0.4191948178681831,0.16161036426363384,0.1343455277459651,DOWN,,UP,False,2.0,99.57574843452527,99.37659693765622,illustrative_scenario
new_forward,0,G04-0003,reversion,230,1791038400000,1791038700000,231,,0.42064061731968516,0.15871876536062968,0.13232499615696558,DOWN,,UP,False,2.0,99.77529903259045,99.57574843452527,illustrative_scenario
new_forward,0,G05-0036,reversion,230,1791038400000,1791038700000,231,,0.4275225431333084,0.1449549137333832,0.14305914619451643,DOWN,,UP,False,2.0,97.61414256789155,97.41891428275576,illustrative_scenario
new_forward,0,G05-0055,fly,230,1791038400000,1791038700000,231,,0.42398910388173033,0.15202179223653933,0.04237831075594702,DOWN,,UP,False,2.0,97.18228781042303,96.98792323480218,illustrative_scenario
new_forward,0,G05-0059,volume,230,1791038400000,1791038700000,231,,0.4352504549940265,0.12949909001194704,0.11548886865098622,DOWN,,UP,False,2.0,99.72591543707357,99.52646360619941,illustrative_scenario
new_forward,0,G03-0043,reversion,231,1791038700000,1791039000000,232,,0.41639806399879614,0.16720387200240772,0.1343455277459651,DOWN,,UP,False,2.0,99.37659693765622,99.1778437437809,illustrative_scenario
new_forward,0,G04-0003,reversion,231,1791038700000,1791039000000,232,,0.42028959777859554,0.15942080444280893,0.13232499615696558,DOWN,,UP,False,2.0,99.57574843452527,99.37659693765622,illustrative_scenario
new_forward,0,G05-0036,reversion,231,1791038700000,1791039000000,232,,0.41449150657971173,0.17101698684057653,0.14305914619451643,DOWN,,UP,False,2.0,97.41891428275576,97.22407645419025,illustrative_scenario
new_forward,0,G05-0055,fly,231,1791038700000,1791039000000,232,,0.44163554066851085,0.1167289186629783,0.04237831075594702,DOWN,,UP,False,2.0,96.98792323480218,96.79394738833258,illustrative_scenario
new_forward,0,G05-0059,volume,231,1791038700000,1791039000000,232,,0.45260236798826275,0.09479526402347449,0.11548886865098622,WAIT,low_confidence,UP,,,99.52646360619941,99.52646360619941,illustrative_scenario
new_forward,0,G03-0043,reversion,232,1791039000000,1791039300000,233,,0.40652931918307866,0.18694136163384267,0.1343455277459651,DOWN,,UP,False,2.0,99.1778437437809,98.97948805629333,illustrative_scenario
new_forward,0,G04-0003,reversion,232,1791039000000,1791039300000,233,,0.40905576754181955,0.1818884649163609,0.13232499615696558,DOWN,,UP,False,2.0,99.37659693765622,99.1778437437809,illustrative_scenario
new_forward,0,G05-0036,reversion,232,1791039000000,1791039300000,233,,0.41742962667973765,0.1651407466405247,0.14305914619451643,DOWN,,UP,False,2.0,97.22407645419025,97.02962830128187,illustrative_scenario
new_forward,0,G05-0055,fly,232,1791039000000,1791039300000,233,,0.4191307472509254,0.16173850549814917,0.04237831075594702,DOWN,,UP,False,2.0,96.79394738833258,96.60035949355591,illustrative_scenario
new_forward,0,G05-0059,volume,232,1791039000000,1791039300000,233,,0.43678704642557487,0.12642590714885027,0.11548886865098622,DOWN,,UP,False,2.0,99.52646360619941,99.32741067898702,illustrative_scenario
new_forward,0,G03-0043,reversion,233,1791039300000,1791039600000,234,,0.41440766390184214,0.17118467219631572,0.1343455277459651,DOWN,,UP,False,2.0,98.97948805629333,98.78152908018075,illustrative_scenario
new_forward,0,G04-0003,reversion,233,1791039300000,1791039600000,234,,0.4183669846953602,0.16326603060927958,0.13232499615696558,DOWN,,UP,False,2.0,99.1778437437809,98.97948805629333,illustrative_scenario
new_forward,0,G05-0036,reversion,233,1791039300000,1791039600000,234,,0.4166464800200758,0.16670703995984837,0.14305914619451643,DOWN,,UP,False,2.0,97.02962830128187,96.83556904467932,illustrative_scenario
new_forward,0,G05-0055,fly,233,1791039300000,1791039600000,234,,0.4342066728362708,0.13158665432745842,0.04237831075594702,DOWN,,UP,False,2.0,96.60035949355591,96.4071587745688,illustrative_scenario
new_forward,0,G05-0059,volume,233,1791039300000,1791039600000,234,,0.44022753505268636,0.11954492989462728,0.11548886865098622,DOWN,,UP,False,2.0,99.32741067898702,99.12875585762905,illustrative_scenario
new_forward,0,G03-0043,reversion,234,1791039600000,1791039900000,235,,0.41933912114080907,0.16132175771838186,0.1343455277459651,DOWN,,DOWN,True,2.0,98.78152908018075,98.96723835485149,illustrative_scenario
new_forward,0,G04-0003,reversion,234,1791039600000,1791039900000,235,,0.42154150947461094,0.15691698105077811,0.13232499615696558,DOWN,,DOWN,True,2.0,98.97948805629333,99.16556949383917,illustrative_scenario
new_forward,0,G05-0036,reversion,234,1791039600000,1791039900000,235,,0.4283839704373276,0.14323205912534476,0.14305914619451643,DOWN,,DOWN,True,2.0,96.83556904467932,97.01761991448332,illustrative_scenario
new_forward,0,G05-0055,fly,234,1791039600000,1791039900000,235,,0.42661791740874144,0.14676416518251711,0.04237831075594702,DOWN,,DOWN,True,2.0,96.4071587745688,96.58840423306499,illustrative_scenario
new_forward,0,G05-0059,volume,234,1791039600000,1791039900000,235,,0.43728890378700835,0.1254221924259833,0.11548886865098622,DOWN,,DOWN,True,2.0,99.12875585762905,99.31511791864139,illustrative_scenario
new_forward,0,G03-0043,reversion,235,1791039900000,1791040200000,236,,0.4145967708321867,0.17080645833562658,0.1343455277459651,DOWN,,DOWN,True,2.0,98.96723835485149,99.1532967629586,illustrative_scenario
new_forward,0,G04-0003,reversion,235,1791039900000,1791040200000,236,,0.42346041115790156,0.15307917768419688,0.13232499615696558,DOWN,,DOWN,True,2.0,99.16556949383917,99.35200076448758,illustrative_scenario
new_forward,0,G05-0036,reversion,235,1791039900000,1791040200000,236,,0.4020182476005731,0.19596350479885383,0.14305914619451643,DOWN,,DOWN,True,2.0,97.01761991448332,97.20001303992255,illustrative_scenario
new_forward,0,G05-0055,fly,235,1791039900000,1791040200000,236,,0.45916384769890584,0.08167230460218833,0.04237831075594702,DOWN,,DOWN,True,2.0,96.58840423306499,96.76999043302315,illustrative_scenario
new_forward,0,G05-0059,volume,235,1791039900000,1791040200000,236,,0.44863447935268413,0.10273104129463173,0.11548886865098622,WAIT,low_confidence,DOWN,,,99.31511791864139,99.31511791864139,illustrative_scenario
new_forward,0,G03-0043,reversion,236,1791040200000,1791040500000,237,,0.44163671553138906,0.11672656893722189,0.1343455277459651,WAIT,low_confidence,DOWN,,,99.1532967629586,99.1532967629586,illustrative_scenario
new_forward,0,G04-0003,reversion,236,1791040200000,1791040500000,237,,0.44763954049843874,0.10472091900312253,0.13232499615696558,WAIT,low_confidence,DOWN,,,99.35200076448758,99.35200076448758,illustrative_scenario
new_forward,0,G05-0036,reversion,236,1791040200000,1791040500000,237,,0.4321171973377024,0.13576560532459525,0.14305914619451643,WAIT,low_confidence,DOWN,,,97.20001303992255,97.20001303992255,illustrative_scenario
new_forward,0,G05-0055,fly,236,1791040200000,1791040500000,237,,0.46809221633457193,0.06381556733085614,0.04237831075594702,DOWN,,DOWN,True,2.0,96.76999043302315,96.95191801503724,illustrative_scenario
new_forward,0,G05-0059,volume,236,1791040200000,1791040500000,237,,0.4798751455157468,0.04024970896850644,0.11548886865098622,WAIT,low_confidence,DOWN,,,99.31511791864139,99.31511791864139,illustrative_scenario
new_forward,0,G03-0043,reversion,237,1791040500000,1791040800000,238,,0.46505888331096856,0.06988223337806287,0.1343455277459651,WAIT,low_confidence,UP,,,99.1532967629586,99.1532967629586,illustrative_scenario
new_forward,0,G04-0003,reversion,237,1791040500000,1791040800000,238,,0.4713874150192655,0.05722516996146898,0.13232499615696558,WAIT,low_confidence,UP,,,99.35200076448758,99.35200076448758,illustrative_scenario
new_forward,0,G05-0036,reversion,237,1791040500000,1791040800000,238,,0.44637698372304396,0.10724603255391207,0.14305914619451643,WAIT,low_confidence,UP,,,97.20001303992255,97.20001303992255,illustrative_scenario
new_forward,0,G05-0055,fly,237,1791040500000,1791040800000,238,,0.4864596285166594,0.02708074296668117,0.04237831075594702,WAIT,low_confidence,UP,,,96.95191801503724,96.95191801503724,illustrative_scenario
new_forward,0,G05-0059,volume,237,1791040500000,1791040800000,238,,0.45641447259959617,0.08717105480080767,0.11548886865098622,WAIT,low_confidence,UP,,,99.31511791864139,99.31511791864139,illustrative_scenario
new_forward,0,G03-0043,reversion,238,1791040800000,1791041100000,239,,0.47112223894639743,0.05775552210720514,0.1343455277459651,WAIT,low_confidence,UP,,,99.1532967629586,99.1532967629586,illustrative_scenario
new_forward,0,G04-0003,reversion,238,1791040800000,1791041100000,239,,0.4754876612272391,0.049024677545521755,0.13232499615696558,WAIT,low_confidence,UP,,,99.35200076448758,99.35200076448758,illustrative_scenario
new_forward,0,G05-0036,reversion,238,1791040800000,1791041100000,239,,0.45126325289562824,0.09747349420874352,0.14305914619451643,WAIT,low_confidence,UP,,,97.20001303992255,97.20001303992255,illustrative_scenario
new_forward,0,G05-0055,fly,238,1791040800000,1791041100000,239,,0.48898653918853596,0.022026921622928075,0.04237831075594702,WAIT,low_confidence,UP,,,96.95191801503724,96.95191801503724,illustrative_scenario
new_forward,0,G05-0059,volume,238,1791040800000,1791041100000,239,,0.501729801478498,0.0034596029569959885,0.11548886865098622,WAIT,low_confidence,UP,,,99.31511791864139,99.31511791864139,illustrative_scenario
new_forward,0,G03-0043,reversion,239,1791041100000,1791041400000,240,,0.4783846209209802,0.04323075815803956,0.1343455277459651,WAIT,low_confidence,DOWN,,,99.1532967629586,99.1532967629586,illustrative_scenario
new_forward,0,G04-0003,reversion,239,1791041100000,1791041400000,240,,0.4803086683128731,0.03938266337425378,0.13232499615696558,WAIT,low_confidence,DOWN,,,99.35200076448758,99.35200076448758,illustrative_scenario
new_forward,0,G05-0036,reversion,239,1791041100000,1791041400000,240,,0.46060998897012534,0.07878002205974932,0.14305914619451643,WAIT,low_confidence,DOWN,,,97.20001303992255,97.20001303992255,illustrative_scenario
new_forward,0,G05-0055,fly,239,1791041100000,1791041400000,240,,0.4890144789114994,0.021971042177001188,0.04237831075594702,WAIT,low_confidence,DOWN,,,96.95191801503724,96.95191801503724,illustrative_scenario
new_forward,0,G05-0059,volume,239,1791041100000,1791041400000,240,,0.5071053857880999,0.014210771576199877,0.11548886865098622,WAIT,low_confidence,DOWN,,,99.31511791864139,99.31511791864139,illustrative_scenario
new_forward,0,G03-0043,reversion,240,1791041400000,1791041700000,241,,0.4763063008238752,0.04738739835224959,0.1343455277459651,WAIT,low_confidence,UP,,,99.1532967629586,99.1532967629586,illustrative_scenario
new_forward,0,G04-0003,reversion,240,1791041400000,1791041700000,241,,0.48017192701271716,0.03965614597456568,0.13232499615696558,WAIT,low_confidence,UP,,,99.35200076448758,99.35200076448758,illustrative_scenario
new_forward,0,G05-0036,reversion,240,1791041400000,1791041700000,241,,0.4539347666698552,0.09213046666028957,0.14305914619451643,WAIT,low_confidence,UP,,,97.20001303992255,97.20001303992255,illustrative_scenario
new_forward,0,G05-0055,fly,240,1791041400000,1791041700000,241,,0.4964462394689088,0.007107521062182376,0.04237831075594702,WAIT,low_confidence,UP,,,96.95191801503724,96.95191801503724,illustrative_scenario
new_forward,0,G05-0059,volume,240,1791041400000,1791041700000,241,,0.5080621491141324,0.016124298228264777,0.11548886865098622,WAIT,low_confidence,UP,,,99.31511791864139,99.31511791864139,illustrative_scenario
new_forward,0,G03-0043,reversion,241,1791041700000,1791042000000,242,,0.4727879263367963,0.054424147326407435,0.1343455277459651,WAIT,low_confidence,UP,,,99.1532967629586,99.1532967629586,illustrative_scenario
new_forward,0,G04-0003,reversion,241,1791041700000,1791042000000,242,,0.4690670541912434,0.06186589161751321,0.13232499615696558,WAIT,low_confidence,UP,,,99.35200076448758,99.35200076448758,illustrative_scenario
new_forward,0,G05-0036,reversion,241,1791041700000,1791042000000,242,,0.47941686743527595,0.0411662651294481,0.14305914619451643,WAIT,low_confidence,UP,,,97.20001303992255,97.20001303992255,illustrative_scenario
new_forward,0,G05-0055,fly,241,1791041700000,1791042000000,242,,0.4489828295855536,0.10203434082889284,0.04237831075594702,DOWN,,UP,False,2.0,96.95191801503724,96.75801417900716,illustrative_scenario
new_forward,0,G05-0059,volume,241,1791041700000,1791042000000,242,,0.47030553489377036,0.05938893021245928,0.11548886865098622,WAIT,low_confidence,UP,,,99.31511791864139,99.31511791864139,illustrative_scenario
new_forward,0,G03-0043,reversion,242,1791042000000,1791042300000,243,,0.45127801287948377,0.09744397424103246,0.1343455277459651,WAIT,low_confidence,UP,,,99.1532967629586,99.1532967629586,illustrative_scenario
new_forward,0,G04-0003,reversion,242,1791042000000,1791042300000,243,,0.4502666503850382,0.09946669922992357,0.13232499615696558,WAIT,low_confidence,UP,,,99.35200076448758,99.35200076448758,illustrative_scenario
new_forward,0,G05-0036,reversion,242,1791042000000,1791042300000,243,,0.45121774764865274,0.09756450470269451,0.14305914619451643,WAIT,low_confidence,UP,,,97.20001303992255,97.20001303992255,illustrative_scenario
new_forward,0,G05-0055,fly,242,1791042000000,1791042300000,243,,0.44846872655972914,0.10306254688054173,0.04237831075594702,DOWN,,UP,False,2.0,96.75801417900716,96.56449815064914,illustrative_scenario
new_forward,0,G05-0059,volume,242,1791042000000,1791042300000,243,,0.46027343618250877,0.07945312763498247,0.11548886865098622,WAIT,low_confidence,UP,,,99.31511791864139,99.31511791864139,illustrative_scenario
new_forward,0,G03-0043,reversion,243,1791042300000,1791042600000,244,,0.43472683373983256,0.13054633252033487,0.1343455277459651,WAIT,low_confidence,UP,,,99.1532967629586,99.1532967629586,illustrative_scenario
new_forward,0,G04-0003,reversion,243,1791042300000,1791042600000,244,,0.4350232517301551,0.1299534965396898,0.13232499615696558,WAIT,low_confidence,UP,,,99.35200076448758,99.35200076448758,illustrative_scenario
new_forward,0,G05-0036,reversion,243,1791042300000,1791042600000,244,,0.4418619161347523,0.11627616773049543,0.14305914619451643,WAIT,low_confidence,UP,,,97.20001303992255,97.20001303992255,illustrative_scenario
new_forward,0,G05-0055,fly,243,1791042300000,1791042600000,244,,0.43998170885090254,0.12003658229819492,0.04237831075594702,DOWN,,UP,False,2.0,96.56449815064914,96.37136915434785,illustrative_scenario
new_forward,0,G05-0059,volume,243,1791042300000,1791042600000,244,,0.46010771048311444,0.07978457903377112,0.11548886865098622,WAIT,low_confidence,UP,,,99.31511791864139,99.31511791864139,illustrative_scenario
new_forward,0,G03-0043,reversion,244,1791042600000,1791042900000,245,,0.4276670786663255,0.14466584266734905,0.1343455277459651,DOWN,,DOWN,True,2.0,99.1532967629586,99.33970496087296,illustrative_scenario
new_forward,0,G04-0003,reversion,244,1791042600000,1791042900000,245,,0.42871654558338373,0.14256690883323253,0.13232499615696558,DOWN,,DOWN,True,2.0,99.35200076448758,99.53878252592482,illustrative_scenario
new_forward,0,G05-0036,reversion,244,1791042600000,1791042900000,245,,0.43300340337512017,0.13399319324975967,0.14305914619451643,WAIT,low_confidence,DOWN,,,97.20001303992255,97.20001303992255,illustrative_scenario
new_forward,0,G05-0055,fly,244,1791042600000,1791042900000,245,,0.43579022334874645,0.1284195533025071,0.04237831075594702,DOWN,,DOWN,True,2.0,96.37136915434785,96.55254732835802,illustrative_scenario
new_forward,0,G05-0059,volume,244,1791042600000,1791042900000,245,,0.44044253444736337,0.11911493110527327,0.11548886865098622,DOWN,,DOWN,True,2.0,99.31511791864139,99.50183034032844,illustrative_scenario
new_forward,0,G03-0043,reversion,245,1791042900000,1791043200000,246,,0.43420360834002375,0.1315927833199525,0.1343455277459651,WAIT,low_confidence,DOWN,,,99.33970496087296,99.33970496087296,illustrative_scenario
new_forward,0,G04-0003,reversion,245,1791042900000,1791043200000,246,,0.4405293157771034,0.11894136844579317,0.13232499615696558,WAIT,low_confidence,DOWN,,,99.53878252592482,99.53878252592482,illustrative_scenario
new_forward,0,G05-0036,reversion,245,1791042900000,1791043200000,246,,0.4216459476022457,0.15670810479550856,0.14305914619451643,DOWN,,DOWN,True,2.0,97.20001303992255,97.3827490644376,illustrative_scenario
new_forward,0,G05-0055,fly,245,1791042900000,1791043200000,246,,0.4681815873617998,0.06363682527640036,0.04237831075594702,DOWN,,DOWN,True,2.0,96.55254732835802,96.73406611733533,illustrative_scenario
new_forward,0,G05-0059,volume,245,1791042900000,1791043200000,246,,0.4584811428058667,0.08303771438826657,0.11548886865098622,WAIT,low_confidence,DOWN,,,99.50183034032844,99.50183034032844,illustrative_scenario
new_forward,0,G03-0043,reversion,246,1791043200000,1791043500000,247,,0.44981291791271877,0.10037416417456246,0.1343455277459651,WAIT,low_confidence,UP,,,99.33970496087296,99.33970496087296,illustrative_scenario
new_forward,0,G04-0003,reversion,246,1791043200000,1791043500000,247,,0.45725355862305045,0.0854928827538991,0.13232499615696558,WAIT,low_confidence,UP,,,99.53878252592482,99.53878252592482,illustrative_scenario
new_forward,0,G05-0036,reversion,246,1791043200000,1791043500000,247,,0.43235910867110344,0.13528178265779311,0.14305914619451643,WAIT,low_confidence,UP,,,97.3827490644376,97.3827490644376,illustrative_scenario
new_forward,0,G05-0055,fly,246,1791043200000,1791043500000,247,,0.4852118898279584,0.02957622034408325,0.04237831075594702,WAIT,low_confidence,UP,,,96.73406611733533,96.73406611733533,illustrative_scenario
new_forward,0,G05-0059,volume,246,1791043200000,1791043500000,247,,0.49246239320474505,0.015075213590509895,0.11548886865098622,WAIT,low_confidence,UP,,,99.50183034032844,99.50183034032844,illustrative_scenario
new_forward,0,G03-0043,reversion,247,1791043500000,1791043800000,248,,0.47240865234805507,0.05518269530388986,0.1343455277459651,WAIT,low_confidence,DOWN,,,99.33970496087296,99.33970496087296,illustrative_scenario
new_forward,0,G04-0003,reversion,247,1791043500000,1791043800000,248,,0.4724644706266426,0.05507105874671481,0.13232499615696558,WAIT,low_confidence,DOWN,,,99.53878252592482,99.53878252592482,illustrative_scenario
new_forward,0,G05-0036,reversion,247,1791043500000,1791043800000,248,,0.469196099819988,0.061607800360024,0.14305914619451643,WAIT,low_confidence,DOWN,,,97.3827490644376,97.3827490644376,illustrative_scenario
new_forward,0,G05-0055,fly,247,1791043500000,1791043800000,248,,0.46833758817455384,0.06332482365089231,0.04237831075594702,DOWN,,DOWN,True,2.0,96.73406611733533,96.91592616163592,illustrative_scenario
new_forward,0,G05-0059,volume,247,1791043500000,1791043800000,248,,0.4841134240614211,0.03177315187715779,0.11548886865098622,WAIT,low_confidence,DOWN,,,99.50183034032844,99.50183034032844,illustrative_scenario
new_forward,0,G03-0043,reversion,248,1791043800000,1791044100000,249,,0.4699134596925142,0.06017308061497162,0.1343455277459651,WAIT,low_confidence,DOWN,,,99.33970496087296,99.33970496087296,illustrative_scenario
new_forward,0,G04-0003,reversion,248,1791043800000,1791044100000,249,,0.4742880419178247,0.0514239161643506,0.13232499615696558,WAIT,low_confidence,DOWN,,,99.53878252592482,99.53878252592482,illustrative_scenario
new_forward,0,G05-0036,reversion,248,1791043800000,1791044100000,249,,0.44895359418334807,0.10209281163330386,0.14305914619451643,WAIT,low_confidence,DOWN,,,97.3827490644376,97.3827490644376,illustrative_scenario
new_forward,0,G05-0055,fly,248,1791043800000,1791044100000,249,,0.492994450221069,0.01401109955786195,0.04237831075594702,WAIT,low_confidence,DOWN,,,96.91592616163592,96.91592616163592,illustrative_scenario
new_forward,0,G05-0059,volume,248,1791043800000,1791044100000,249,,0.49382476198835973,0.012350476023280543,0.11548886865098622,WAIT,low_confidence,DOWN,,,99.50183034032844,99.50183034032844,illustrative_scenario
new_forward,0,G03-0043,reversion,249,1791044100000,1791044400000,250,,0.47487238582672003,0.05025522834655993,0.1343455277459651,WAIT,low_confidence,UP,,,99.33970496087296,99.33970496087296,illustrative_scenario
new_forward,0,G04-0003,reversion,249,1791044100000,1791044400000,250,,0.47829694649792226,0.04340610700415548,0.13232499615696558,WAIT,low_confidence,UP,,,99.53878252592482,99.53878252592482,illustrative_scenario
new_forward,0,G05-0036,reversion,249,1791044100000,1791044400000,250,,0.4616126033131115,0.07677479337377702,0.14305914619451643,WAIT,low_confidence,UP,,,97.3827490644376,97.3827490644376,illustrative_scenario
new_forward,0,G05-0055,fly,249,1791044100000,1791044400000,250,,0.4880795006520292,0.023840998695941584,0.04237831075594702,WAIT,low_confidence,UP,,,96.91592616163592,96.91592616163592,illustrative_scenario
new_forward,0,G05-0059,volume,249,1791044100000,1791044400000,250,,0.5023692639403553,0.004738527880710608,0.11548886865098622,WAIT,low_confidence,UP,,,99.50183034032844,99.50183034032844,illustrative_scenario
new_forward,0,G03-0043,reversion,250,1791044400000,1791044700000,251,,0.49214055667332585,0.015718886653348307,0.1343455277459651,WAIT,low_confidence,UP,,,99.33970496087296,99.33970496087296,illustrative_scenario
new_forward,0,G04-0003,reversion,250,1791044400000,1791044700000,251,,0.48836425973104247,0.023271480537915057,0.13232499615696558,WAIT,low_confidence,UP,,,99.53878252592482,99.53878252592482,illustrative_scenario
new_forward,0,G05-0036,reversion,250,1791044400000,1791044700000,251,,0.49759867766601107,0.004802644667977862,0.14305914619451643,WAIT,low_confidence,UP,,,97.3827490644376,97.3827490644376,illustrative_scenario
new_forward,0,G05-0055,fly,250,1791044400000,1791044700000,251,,0.46536249935780283,0.06927500128439434,0.04237831075594702,DOWN,,UP,False,2.0,96.91592616163592,96.72209430931265,illustrative_scenario
new_forward,0,G05-0059,volume,250,1791044400000,1791044700000,251,,0.4840642070570056,0.03187158588598882,0.11548886865098622,WAIT,low_confidence,UP,,,99.50183034032844,99.50183034032844,illustrative_scenario
new_forward,0,G03-0043,reversion,251,1791044700000,1791045000000,252,,0.47627808044141445,0.047443839117171094,0.1343455277459651,WAIT,low_confidence,UP,,,99.33970496087296,99.33970496087296,illustrative_scenario
new_forward,0,G04-0003,reversion,251,1791044700000,1791045000000,252,,0.47438730965538056,0.051225380689238875,0.13232499615696558,WAIT,low_confidence,UP,,,99.53878252592482,99.53878252592482,illustrative_scenario
new_forward,0,G05-0036,reversion,251,1791044700000,1791045000000,252,,0.4779360159802128,0.04412796803957442,0.14305914619451643,WAIT,low_confidence,UP,,,97.3827490644376,97.3827490644376,illustrative_scenario
new_forward,0,G05-0055,fly,251,1791044700000,1791045000000,252,,0.4642552017292455,0.07148959654150899,0.04237831075594702,DOWN,,UP,False,2.0,96.72209430931265,96.52865012069402,illustrative_scenario
new_forward,0,G05-0059,volume,251,1791044700000,1791045000000,252,,0.4821997903467456,0.03560041930650881,0.11548886865098622,WAIT,low_confidence,UP,,,99.50183034032844,99.50183034032844,illustrative_scenario
new_forward,0,G03-0043,reversion,252,1791045000000,1791045300000,253,,0.451524287579278,0.09695142484144403,0.1343455277459651,WAIT,low_confidence,UP,,,99.33970496087296,99.33970496087296,illustrative_scenario
new_forward,0,G04-0003,reversion,252,1791045000000,1791045300000,253,,0.4516770809610735,0.09664583807785299,0.13232499615696558,WAIT,low_confidence,UP,,,99.53878252592482,99.53878252592482,illustrative_scenario
new_forward,0,G05-0036,reversion,252,1791045000000,1791045300000,253,,0.4559647605577593,0.08807047888448138,0.14305914619451643,WAIT,low_confidence,UP,,,97.3827490644376,97.3827490644376,illustrative_scenario
new_forward,0,G05-0055,fly,252,1791045000000,1791045300000,253,,0.4524195140262274,0.09516097194754525,0.04237831075594702,DOWN,,UP,False,2.0,96.52865012069402,96.33559282045263,illustrative_scenario
new_forward,0,G05-0059,volume,252,1791045000000,1791045300000,253,,0.4622045767632097,0.07559084647358061,0.11548886865098622,WAIT,low_confidence,UP,,,99.50183034032844,99.50183034032844,illustrative_scenario
new_forward,0,G03-0043,reversion,253,1791045300000,1791045600000,254,,0.4349362283645274,0.13012754327094522,0.1343455277459651,WAIT,low_confidence,UP,,,99.33970496087296,99.33970496087296,illustrative_scenario
new_forward,0,G04-0003,reversion,253,1791045300000,1791045600000,254,,0.43624119847376913,0.12751760305246174,0.13232499615696558,WAIT,low_confidence,UP,,,99.53878252592482,99.53878252592482,illustrative_scenario
new_forward,0,G05-0036,reversion,253,1791045300000,1791045600000,254,,0.4371419208347538,0.12571615833049243,0.14305914619451643,WAIT,low_confidence,UP,,,97.3827490644376,97.3827490644376,illustrative_scenario
new_forward,0,G05-0055,fly,253,1791045300000,1791045600000,254,,0.44098568050397735,0.1180286389920453,0.04237831075594702,DOWN,,UP,False,2.0,96.33559282045263,96.14292163481173,illustrative_scenario
new_forward,0,G05-0059,volume,253,1791045300000,1791045600000,254,,0.4205566696133682,0.15888666077326363,0.11548886865098622,DOWN,,UP,False,2.0,99.50183034032844,99.30282667964778,illustrative_scenario
new_forward,0,G03-0043,reversion,254,1791045600000,1791045900000,255,,0.4253954095550826,0.1492091808898348,0.1343455277459651,DOWN,,DOWN,True,2.0,99.33970496087296,99.5264636061994,illustrative_scenario
new_forward,0,G04-0003,reversion,254,1791045600000,1791045900000,255,,0.427119497441976,0.14576100511604795,0.13232499615696558,DOWN,,DOWN,True,2.0,99.53878252592482,99.72591543707355,illustrative_scenario
new_forward,0,G05-0036,reversion,254,1791045600000,1791045900000,255,,0.42942131250578514,0.14115737498842973,0.14305914619451643,WAIT,low_confidence,DOWN,,,97.3827490644376,97.3827490644376,illustrative_scenario
new_forward,0,G05-0055,fly,254,1791045600000,1791045900000,255,,0.4336730454083568,0.13265390918328634,0.04237831075594702,DOWN,,DOWN,True,2.0,96.14292163481173,96.32367032748517,illustrative_scenario
new_forward,0,G05-0059,volume,254,1791045600000,1791045900000,255,,0.3907003746296795,0.21859925074064102,0.11548886865098622,DOWN,,DOWN,True,2.0,99.30282667964778,99.48951599380551,illustrative_scenario
new_forward,0,G03-0043,reversion,255,1791045900000,1791046200000,256,,0.4251074286737373,0.1497851426525254,0.1343455277459651,DOWN,,DOWN,True,2.0,99.5264636061994,99.71357335777905,illustrative_scenario
new_forward,0,G04-0003,reversion,255,1791045900000,1791046200000,256,,0.4356568121943147,0.12868637561137064,0.13232499615696558,WAIT,low_confidence,DOWN,,,99.72591543707355,99.72591543707355,illustrative_scenario
new_forward,0,G05-0036,reversion,255,1791045900000,1791046200000,256,,0.40594572390201866,0.18810855219596267,0.14305914619451643,DOWN,,DOWN,True,2.0,97.3827490644376,97.56582863267874,illustrative_scenario
new_forward,0,G05-0055,fly,255,1791045900000,1791046200000,256,,0.4824514464615593,0.035097107076881406,0.04237831075594702,WAIT,low_confidence,DOWN,,,96.32367032748517,96.32367032748517,illustrative_scenario
new_forward,0,G05-0059,volume,255,1791045900000,1791046200000,256,,0.48346652308428156,0.033066953831436874,0.11548886865098622,WAIT,low_confidence,DOWN,,,99.48951599380551,99.48951599380551,illustrative_scenario
new_forward,0,G03-0043,reversion,256,1791046200000,1791046500000,257,,0.4431255632954246,0.11374887340915085,0.1343455277459651,WAIT,low_confidence,UP,,,99.71357335777905,99.71357335777905,illustrative_scenario
new_forward,0,G04-0003,reversion,256,1791046200000,1791046500000,257,,0.4500720216621659,0.09985595667566816,0.13232499615696558,WAIT,low_confidence,UP,,,99.72591543707355,99.72591543707355,illustrative_scenario
new_forward,0,G05-0036,reversion,256,1791046200000,1791046500000,257,,0.431263301337388,0.137473397325224,0.14305914619451643,WAIT,low_confidence,UP,,,97.56582863267874,97.56582863267874,illustrative_scenario
new_forward,0,G05-0055,fly,256,1791046200000,1791046500000,257,,0.47690382779959734,0.04619234440080533,0.04237831075594702,DOWN,,UP,False,2.0,96.32367032748517,96.1310229868302,illustrative_scenario
new_forward,0,G05-0059,volume,256,1791046200000,1791046500000,257,,0.4912029114540269,0.017594177091946217,0.11548886865098622,WAIT,low_confidence,UP,,,99.48951599380551,99.48951599380551,illustrative_scenario
new_forward,0,G03-0043,reversion,257,1791046500000,1791046800000,258,,0.4637476957490404,0.0725046085019192,0.1343455277459651,WAIT,low_confidence,UP,,,99.71357335777905,99.71357335777905,illustrative_scenario
new_forward,0,G04-0003,reversion,257,1791046500000,1791046800000,258,,0.46190622279951504,0.07618755440096991,0.13232499615696558,WAIT,low_confidence,UP,,,99.72591543707355,99.72591543707355,illustrative_scenario
new_forward,0,G05-0036,reversion,257,1791046500000,1791046800000,258,,0.47344454202572184,0.053110915948556325,0.14305914619451643,WAIT,low_confidence,UP,,,97.56582863267874,97.56582863267874,illustrative_scenario
new_forward,0,G05-0055,fly,257,1791046500000,1791046800000,258,,0.4526658009854402,0.09466839802911964,0.04237831075594702,DOWN,,UP,False,2.0,96.1310229868302,95.93876094085654,illustrative_scenario
new_forward,0,G05-0059,volume,257,1791046500000,1791046800000,258,,0.485329996753196,0.029340006493608017,0.11548886865098622,WAIT,low_confidence,UP,,,99.48951599380551,99.48951599380551,illustrative_scenario
new_forward,0,G03-0043,reversion,258,1791046800000,1791047100000,259,,0.4072137623649795,0.18557247527004095,0.1343455277459651,DOWN,,UP,False,2.0,99.71357335777905,99.51414621106349,illustrative_scenario
new_forward,0,G04-0003,reversion,258,1791046800000,1791047100000,259,,0.4070752402068507,0.18584951958629858,0.13232499615696558,DOWN,,UP,False,2.0,99.72591543707355,99.5264636061994,illustrative_scenario
new_forward,0,G05-0036,reversion,258,1791046800000,1791047100000,259,,0.420551931955431,0.158896136089138,0.14305914619451643,DOWN,,UP,False,2.0,97.56582863267874,97.37069697541338,illustrative_scenario
new_forward,0,G05-0055,fly,258,1791046800000,1791047100000,259,,0.40447444144852657,0.19105111710294687,0.04237831075594702,DOWN,,UP,False,2.0,95.93876094085654,95.74688341897483,illustrative_scenario
new_forward,0,G05-0059,volume,258,1791046800000,1791047100000,259,,0.40114807691517756,0.19770384616964487,0.11548886865098622,DOWN,,UP,False,2.0,99.48951599380551,99.2905369618179,illustrative_scenario
new_forward,0,G03-0043,reversion,259,1791047100000,1791047400000,260,,0.32057315684328636,0.3588536863134273,0.1343455277459651,DOWN,,UP,False,2.0,99.51414621106349,99.31511791864136,illustrative_scenario
new_forward,0,G04-0003,reversion,259,1791047100000,1791047400000,260,,0.32186841671452227,0.35626316657095547,0.13232499615696558,DOWN,,UP,False,2.0,99.5264636061994,99.32741067898701,illustrative_scenario
new_forward,0,G05-0036,reversion,259,1791047100000,1791047400000,260,,0.33743633827741776,0.3251273234451645,0.14305914619451643,DOWN,,UP,False,2.0,97.37069697541338,97.17595558146256,illustrative_scenario
new_forward,0,G05-0055,fly,259,1791047100000,1791047400000,260,,0.33069248549572217,0.33861502900855567,0.04237831075594702,DOWN,,UP,False,2.0,95.74688341897483,95.55538965213688,illustrative_scenario
new_forward,0,G05-0059,volume,259,1791047100000,1791047400000,260,,0.3016318368499849,0.3967363263000302,0.11548886865098622,DOWN,,UP,False,2.0,99.2905369618179,99.09195588789427,illustrative_scenario
new_forward,0,G03-0043,reversion,260,1791047400000,1791047700000,261,,0.30021110299397286,0.3995777940120543,0.1343455277459651,DOWN,,UP,False,2.0,99.31511791864136,99.11648768280408,illustrative_scenario
new_forward,0,G04-0003,reversion,260,1791047400000,1791047700000,261,,0.3123159947528102,0.3753680104943796,0.13232499615696558,DOWN,,UP,False,2.0,99.32741067898701,99.12875585762903,illustrative_scenario
new_forward,0,G05-0036,reversion,260,1791047400000,1791047700000,261,,0.30915527765999395,0.3816894446800121,0.14305914619451643,DOWN,,UP,False,2.0,97.17595558146256,96.98160367029963,illustrative_scenario
new_forward,0,G05-0055,fly,260,1791047400000,1791047700000,261,,0.36785618428203143,0.26428763143593714,0.04237831075594702,DOWN,,UP,False,2.0,95.55538965213688,95.36427887283261,illustrative_scenario
new_forward,0,G05-0059,volume,260,1791047400000,1791047700000,261,,0.3666955332216934,0.2666089335566132,0.11548886865098622,DOWN,,UP,False,2.0,99.09195588789427,98.89377197611849,illustrative_scenario
new_forward,0,G03-0043,reversion,261,1791047700000,1791048000000,262,,0.2922006521922808,0.4155986956154384,0.1343455277459651,DOWN,,DOWN,True,2.0,99.11648768280408,99.30282667964775,illustrative_scenario
new_forward,0,G04-0003,reversion,261,1791047700000,1791048000000,262,,0.30865397778693787,0.38269204442612426,0.13232499615696558,DOWN,,DOWN,True,2.0,99.12875585762903,99.31511791864138,illustrative_scenario
new_forward,0,G05-0036,reversion,261,1791047700000,1791048000000,262,,0.30547956638758267,0.38904086722483466,0.14305914619451643,DOWN,,DOWN,True,2.0,96.98160367029963,97.1639290851998,illustrative_scenario
new_forward,0,G05-0055,fly,261,1791047700000,1791048000000,262,,0.3638130804680828,0.2723738390638344,0.04237831075594702,DOWN,,DOWN,True,2.0,95.36427887283261,95.54356371711354,illustrative_scenario
new_forward,0,G05-0059,volume,261,1791047700000,1791048000000,262,,0.38617319792506505,0.2276536041498699,0.11548886865098622,DOWN,,DOWN,True,2.0,98.89377197611849,99.07969226743359,illustrative_scenario
new_forward,0,G03-0043,reversion,262,1791048000000,1791048300000,263,,0.32544505816078173,0.34910988367843654,0.1343455277459651,DOWN,,UP,False,2.0,99.30282667964775,99.10422102628846,illustrative_scenario
new_forward,0,G04-0003,reversion,262,1791048000000,1791048300000,263,,0.3449822407881519,0.31003551842369625,0.13232499615696558,DOWN,,UP,False,2.0,99.31511791864138,99.11648768280409,illustrative_scenario
new_forward,0,G05-0036,reversion,262,1791048000000,1791048300000,263,,0.32052525551260524,0.3589494889747895,0.14305914619451643,DOWN,,UP,False,2.0,97.1639290851998,96.9696012270294,illustrative_scenario
new_forward,0,G05-0055,fly,262,1791048000000,1791048300000,263,,0.41289464005742993,0.17421071988514014,0.04237831075594702,DOWN,,UP,False,2.0,95.54356371711354,95.35247658967931,illustrative_scenario
new_forward,0,G05-0059,volume,262,1791048000000,1791048300000,263,,0.4373250965688117,0.12534980686237662,0.11548886865098622,DOWN,,UP,False,2.0,99.07969226743359,98.88153288289872,illustrative_scenario
new_forward,0,G03-0043,reversion,263,1791048300000,1791048600000,264,,0.33347027217367115,0.3330594556526577,0.1343455277459651,DOWN,,DOWN,True,2.0,99.10422102628846,99.29053696181788,illustrative_scenario
new_forward,0,G04-0003,reversion,263,1791048300000,1791048600000,264,,0.3472355244793636,0.30552895104127276,0.13232499615696558,DOWN,,DOWN,True,2.0,99.11648768280409,99.30282667964777,illustrative_scenario
new_forward,0,G05-0036,reversion,263,1791048300000,1791048600000,264,,0.3404424356335369,0.31911512873292625,0.14305914619451643,DOWN,,DOWN,True,2.0,96.9696012270294,97.15190407733621,illustrative_scenario
new_forward,0,G05-0055,fly,263,1791048300000,1791048600000,264,,0.3884020094182317,0.22319598116353656,0.04237831075594702,DOWN,,DOWN,True,2.0,95.35247658967931,95.53173924566791,illustrative_scenario
new_forward,0,G05-0059,volume,263,1791048300000,1791048600000,264,,0.4224685619921429,0.15506287601571422,0.11548886865098622,DOWN,,DOWN,True,2.0,98.88153288289872,99.06743016471857,illustrative_scenario
new_forward,0,G03-0043,reversion,264,1791048600000,1791048900000,265,,0.37435801161210935,0.2512839767757813,0.1343455277459651,DOWN,,UP,False,2.0,99.29053696181788,99.09195588789424,illustrative_scenario
new_forward,0,G04-0003,reversion,264,1791048600000,1791048900000,265,,0.3903970160405659,0.21920596791886815,0.13232499615696558,DOWN,,UP,False,2.0,99.30282667964777,99.10422102628847,illustrative_scenario
new_forward,0,G05-0036,reversion,264,1791048600000,1791048900000,265,,0.36610371732997077,0.26779256534005846,0.14305914619451643,DOWN,,UP,False,2.0,97.15190407733621,96.95760026918154,illustrative_scenario
new_forward,0,G05-0055,fly,264,1791048600000,1791048900000,265,,0.43410428102711757,0.13179143794576487,0.04237831075594702,DOWN,,UP,False,2.0,95.53173924566791,95.34067576717658,illustrative_scenario
new_forward,0,G05-0059,volume,264,1791048600000,1791048900000,265,,0.45490017696773094,0.09019964606453812,0.11548886865098622,WAIT,low_confidence,UP,,,99.06743016471857,99.06743016471857,illustrative_scenario
new_forward,0,G03-0043,reversion,265,1791048900000,1791049200000,266,,0.4193421495289907,0.16131570094201864,0.1343455277459651,DOWN,,UP,False,2.0,99.09195588789424,98.89377197611846,illustrative_scenario
new_forward,0,G04-0003,reversion,265,1791048900000,1791049200000,266,,0.4201505441323273,0.15969891173534545,0.13232499615696558,DOWN,,UP,False,2.0,99.10422102628847,98.9060125842359,illustrative_scenario
new_forward,0,G05-0036,reversion,265,1791048900000,1791049200000,266,,0.4370573640269405,0.12588527194611898,0.14305914619451643,WAIT,low_confidence,UP,,,96.95760026918154,96.95760026918154,illustrative_scenario
new_forward,0,G05-0055,fly,265,1791048900000,1791049200000,266,,0.40108143120552364,0.19783713758895272,0.04237831075594702,DOWN,,UP,False,2.0,95.34067576717658,95.14999441564223,illustrative_scenario
new_forward,0,G05-0059,volume,265,1791048900000,1791049200000,266,,0.4288142394137638,0.14237152117247243,0.11548886865098622,DOWN,,UP,False,2.0,99.06743016471857,98.86929530438914,illustrative_scenario
new_forward,0,G03-0043,reversion,266,1791049200000,1791049500000,267,,0.41968028005704083,0.16063943988591833,0.1343455277459651,DOWN,,DOWN,True,2.0,98.89377197611846,99.07969226743356,illustrative_scenario
new_forward,0,G04-0003,reversion,266,1791049200000,1791049500000,267,,0.42363204598116666,0.15273590803766668,0.13232499615696558,DOWN,,DOWN,True,2.0,98.9060125842359,99.09195588789426,illustrative_scenario
new_forward,0,G05-0036,reversion,266,1791049200000,1791049500000,267,,0.42223517660533955,0.1555296467893209,0.14305914619451643,DOWN,,DOWN,True,2.0,96.95760026918154,97.1398805576876,illustrative_scenario
new_forward,0,G05-0055,fly,266,1791049200000,1791049500000,267,,0.42868835960917173,0.14262328078165654,0.04237831075594702,DOWN,,DOWN,True,2.0,95.14999441564223,95.32887640514363,illustrative_scenario
new_forward,0,G05-0059,volume,266,1791049200000,1791049500000,267,,0.447417349721275,0.10516530055744999,0.11548886865098622,WAIT,low_confidence,DOWN,,,98.86929530438914,98.86929530438914,illustrative_scenario
new_forward,0,G03-0043,reversion,267,1791049500000,1791049800000,268,,0.40027323400116993,0.19945353199766014,0.1343455277459651,DOWN,,DOWN,True,2.0,99.07969226743356,99.26596208889633,illustrative_scenario
new_forward,0,G04-0003,reversion,267,1791049500000,1791049800000,268,,0.40981820022205623,0.18036359955588754,0.13232499615696558,DOWN,,DOWN,True,2.0,99.09195588789426,99.2782487649635,illustrative_scenario
new_forward,0,G05-0036,reversion,267,1791049500000,1791049800000,268,,0.39828522187773047,0.20342955624453907,0.14305914619451643,DOWN,,DOWN,True,2.0,97.1398805576876,97.32250353313606,illustrative_scenario
new_forward,0,G05-0055,fly,267,1791049500000,1791049800000,268,,0.4299152552513744,0.14016948949725117,0.04237831075594702,DOWN,,DOWN,True,2.0,95.32887640514363,95.5080946927853,illustrative_scenario
new_forward,0,G05-0059,volume,267,1791049500000,1791049800000,268,,0.4416356091343827,0.11672878173123458,0.11548886865098622,DOWN,,DOWN,True,2.0,98.86929530438914,99.0551695795614,illustrative_scenario
new_forward,0,G03-0043,reversion,268,1791049800000,1791050100000,269,,0.4109672093348278,0.17806558133034445,0.1343455277459651,DOWN,,DOWN,True,2.0,99.26596208889633,99.45258209762345,illustrative_scenario
new_forward,0,G04-0003,reversion,268,1791049800000,1791050100000,269,,0.4235283185584482,0.15294336288310362,0.13232499615696558,DOWN,,DOWN,True,2.0,99.2782487649635,99.46489187264163,illustrative_scenario
new_forward,0,G05-0036,reversion,268,1791049800000,1791050100000,269,,0.399340467449739,0.201319065100522,0.14305914619451643,DOWN,,DOWN,True,2.0,97.32250353313606,97.50546983977836,illustrative_scenario
new_forward,0,G05-0055,fly,268,1791049800000,1791050100000,269,,0.45416910816137557,0.09166178367724886,0.04237831075594702,DOWN,,DOWN,True,2.0,95.5080946927853,95.68764991080775,illustrative_scenario
new_forward,0,G05-0059,volume,268,1791049800000,1791050100000,269,,0.4666780706457998,0.0666438587084004,0.11548886865098622,WAIT,low_confidence,DOWN,,,99.0551695795614,99.0551695795614,illustrative_scenario
new_forward,0,G03-0043,reversion,269,1791050100000,1791050400000,270,,0.43463677332014894,0.13072645335970212,0.1343455277459651,WAIT,low_confidence,DOWN,,,99.45258209762345,99.45258209762345,illustrative_scenario
new_forward,0,G04-0003,reversion,269,1791050100000,1791050400000,270,,0.4437354158194151,0.11252916836116977,0.13232499615696558,WAIT,low_confidence,DOWN,,,99.46489187264163,99.46489187264163,illustrative_scenario
new_forward,0,G05-0036,reversion,269,1791050100000,1791050400000,270,,0.4232562541774131,0.15348749164517383,0.14305914619451643,DOWN,,DOWN,True,2.0,97.50546983977836,97.68878012307714,illustrative_scenario
new_forward,0,G05-0055,fly,269,1791050100000,1791050400000,270,,0.4564747465753662,0.08705050684926763,0.04237831075594702,DOWN,,DOWN,True,2.0,95.68764991080775,95.86754269264007,illustrative_scenario
new_forward,0,G05-0059,volume,269,1791050100000,1791050400000,270,,0.46282491382153357,0.07435017235693286,0.11548886865098622,WAIT,low_confidence,DOWN,,,99.0551695795614,99.0551695795614,illustrative_scenario
new_forward,0,G03-0043,reversion,270,1791050400000,1791050700000,271,,0.43628099857932445,0.1274380028413511,0.1343455277459651,WAIT,low_confidence,UP,,,99.45258209762345,99.45258209762345,illustrative_scenario
new_forward,0,G04-0003,reversion,270,1791050400000,1791050700000,271,,0.44383412679938494,0.11233174640123011,0.13232499615696558,WAIT,low_confidence,UP,,,99.46489187264163,99.46489187264163,illustrative_scenario
new_forward,0,G05-0036,reversion,270,1791050400000,1791050700000,271,,0.4206723505981259,0.15865529880374818,0.14305914619451643,DOWN,,UP,False,2.0,97.68878012307714,97.49340256283098,illustrative_scenario
new_forward,0,G05-0055,fly,270,1791050400000,1791050700000,271,,0.46295121678346635,0.07409756643306731,0.04237831075594702,DOWN,,UP,False,2.0,95.86754269264007,95.6758076072548,illustrative_scenario
new_forward,0,G05-0059,volume,270,1791050400000,1791050700000,271,,0.47473118465269115,0.0505376306946177,0.11548886865098622,WAIT,low_confidence,UP,,,99.0551695795614,99.0551695795614,illustrative_scenario
new_forward,0,G03-0043,reversion,271,1791050700000,1791051000000,272,,0.45393277067632765,0.09213445864734471,0.1343455277459651,WAIT,low_confidence,DOWN,,,99.45258209762345,99.45258209762345,illustrative_scenario
new_forward,0,G04-0003,reversion,271,1791050700000,1791051000000,272,,0.4503212794114295,0.09935744117714096,0.13232499615696558,WAIT,low_confidence,DOWN,,,99.46489187264163,99.46489187264163,illustrative_scenario
new_forward,0,G05-0036,reversion,271,1791050700000,1791051000000,272,,0.4540893892765121,0.0918212214469758,0.14305914619451643,WAIT,low_confidence,DOWN,,,97.49340256283098,97.49340256283098,illustrative_scenario
new_forward,0,G05-0055,fly,271,1791050700000,1791051000000,272,,0.4323480680580973,0.13530386388380544,0.04237831075594702,DOWN,,DOWN,True,2.0,95.6758076072548,95.85567812555644,illustrative_scenario
new_forward,0,G05-0059,volume,271,1791050700000,1791051000000,272,,0.45182968801061274,0.09634062397877452,0.11548886865098622,WAIT,low_confidence,DOWN,,,99.0551695795614,99.0551695795614,illustrative_scenario
new_forward,0,G03-0043,reversion,272,1791051000000,1791051300000,273,,0.45368187192477744,0.09263625615044513,0.1343455277459651,WAIT,low_confidence,DOWN,,,99.45258209762345,99.45258209762345,illustrative_scenario
new_forward,0,G04-0003,reversion,272,1791051000000,1791051300000,273,,0.4624074458668338,0.0751851082663324,0.13232499615696558,WAIT,low_confidence,DOWN,,,99.46489187264163,99.46489187264163,illustrative_scenario
new_forward,0,G05-0036,reversion,272,1791051000000,1791051300000,273,,0.41740350225167183,0.16519299549665634,0.14305914619451643,DOWN,,DOWN,True,2.0,97.49340256283098,97.6766901596491,illustrative_scenario
new_forward,0,G05-0055,fly,272,1791051000000,1791051300000,273,,0.4972056975182349,0.005588604963530197,0.04237831075594702,WAIT,low_confidence,DOWN,,,95.85567812555644,95.85567812555644,illustrative_scenario
new_forward,0,G05-0059,volume,272,1791051000000,1791051300000,273,,0.49207723214384536,0.01584553571230929,0.11548886865098622,WAIT,low_confidence,DOWN,,,99.0551695795614,99.0551695795614,illustrative_scenario
new_forward,0,G03-0043,reversion,273,1791051300000,1791051600000,274,,0.4531017503741006,0.09379649925179878,0.1343455277459651,WAIT,low_confidence,UP,,,99.45258209762345,99.45258209762345,illustrative_scenario
new_forward,0,G04-0003,reversion,273,1791051300000,1791051600000,274,,0.46016844285851216,0.07966311428297568,0.13232499615696558,WAIT,low_confidence,UP,,,99.46489187264163,99.46489187264163,illustrative_scenario
new_forward,0,G05-0036,reversion,273,1791051300000,1791051600000,274,,0.4270630740146523,0.14587385197069536,0.14305914619451643,DOWN,,UP,False,2.0,97.6766901596491,97.4813367793298,illustrative_scenario
new_forward,0,G05-0055,fly,273,1791051300000,1791051600000,274,,0.47807968131035855,0.0438406373792829,0.04237831075594702,DOWN,,UP,False,2.0,95.85567812555644,95.66396676930532,illustrative_scenario
new_forward,0,G05-0059,volume,273,1791051300000,1791051600000,274,,0.49005813179460883,0.019883736410782338,0.11548886865098622,WAIT,low_confidence,UP,,,99.0551695795614,99.0551695795614,illustrative_scenario
new_forward,0,G03-0043,reversion,274,1791051600000,1791051900000,275,,0.45906322119567644,0.08187355760864712,0.1343455277459651,WAIT,low_confidence,UP,,,99.45258209762345,99.45258209762345,illustrative_scenario
new_forward,0,G04-0003,reversion,274,1791051600000,1791051900000,275,,0.45974043669146153,0.08051912661707694,0.13232499615696558,WAIT,low_confidence,UP,,,99.46489187264163,99.46489187264163,illustrative_scenario
new_forward,0,G05-0036,reversion,274,1791051600000,1791051900000,275,,0.4483764206778338,0.10324715864433243,0.14305914619451643,WAIT,low_confidence,UP,,,97.4813367793298,97.4813367793298,illustrative_scenario
new_forward,0,G05-0055,fly,274,1791051600000,1791051900000,275,,0.45792893671327334,0.08414212657345332,0.04237831075594702,DOWN,,UP,False,2.0,95.66396676930532,95.4726388357667,illustrative_scenario
new_forward,0,G05-0059,volume,274,1791051600000,1791051900000,275,,0.47832399920089963,0.04335200159820074,0.11548886865098622,WAIT,low_confidence,UP,,,99.0551695795614,99.0551695795614,illustrative_scenario
new_forward,0,G03-0043,reversion,275,1791051900000,1791052200000,276,,0.4414409979016975,0.11711800419660501,0.1343455277459651,WAIT,low_confidence,UP,,,99.45258209762345,99.45258209762345,illustrative_scenario
new_forward,0,G04-0003,reversion,275,1791051900000,1791052200000,276,,0.4445897718020223,0.11082045639595539,0.13232499615696558,WAIT,low_confidence,UP,,,99.46489187264163,99.46489187264163,illustrative_scenario
new_forward,0,G05-0036,reversion,275,1791051900000,1791052200000,276,,0.4282664060596323,0.14346718788073543,0.14305914619451643,DOWN,,UP,False,2.0,97.4813367793298,97.28637410577113,illustrative_scenario
new_forward,0,G05-0055,fly,275,1791051900000,1791052200000,276,,0.4565060900621719,0.08698781987565618,0.04237831075594702,DOWN,,UP,False,2.0,95.4726388357667,95.28169355809517,illustrative_scenario
new_forward,0,G05-0059,volume,275,1791051900000,1791052200000,276,,0.47544610151095107,0.04910779697809786,0.11548886865098622,WAIT,low_confidence,UP,,,99.0551695795614,99.0551695795614,illustrative_scenario
new_forward,0,G03-0043,reversion,276,1791052200000,1791052500000,277,,0.4188271858290421,0.1623456283419158,0.1343455277459651,DOWN,,UP,False,2.0,99.45258209762345,99.2536769334282,illustrative_scenario
new_forward,0,G04-0003,reversion,276,1791052200000,1791052500000,277,,0.42793566739025274,0.14412866521949452,0.13232499615696558,DOWN,,UP,False,2.0,99.46489187264163,99.26596208889634,illustrative_scenario
new_forward,0,G05-0036,reversion,276,1791052200000,1791052500000,277,,0.3950674014680013,0.20986519706399742,0.14305914619451643,DOWN,,UP,False,2.0,97.28637410577113,97.09180135755959,illustrative_scenario
new_forward,0,G05-0055,fly,276,1791052200000,1791052500000,277,,0.4625131528428287,0.07497369431434264,0.04237831075594702,DOWN,,UP,False,2.0,95.28169355809517,95.09113017097899,illustrative_scenario
new_forward,0,G05-0059,volume,276,1791052200000,1791052500000,277,,0.4540808342614551,0.09183833147708975,0.11548886865098622,WAIT,low_confidence,UP,,,99.0551695795614,99.0551695795614,illustrative_scenario
new_forward,0,G03-0043,reversion,277,1791052500000,1791052800000,278,,0.45017257285025797,0.09965485429948406,0.1343455277459651,WAIT,low_confidence,DOWN,,,99.2536769334282,99.2536769334282,illustrative_scenario
new_forward,0,G04-0003,reversion,277,1791052500000,1791052800000,278,,0.45172662901112326,0.09654674197775348,0.13232499615696558,WAIT,low_confidence,DOWN,,,99.26596208889634,99.26596208889634,illustrative_scenario
new_forward,0,G05-0036,reversion,277,1791052500000,1791052800000,278,,0.4382061109751467,0.12358777804970655,0.14305914619451643,WAIT,low_confidence,DOWN,,,97.09180135755959,97.09180135755959,illustrative_scenario
new_forward,0,G05-0055,fly,277,1791052500000,1791052800000,278,,0.4570783826676739,0.08584323466465216,0.04237831075594702,DOWN,,DOWN,True,2.0,95.09113017097899,95.26990149570042,illustrative_scenario
new_forward,0,G05-0059,volume,277,1791052500000,1791052800000,278,,0.4694716686448333,0.06105666271033339,0.11548886865098622,WAIT,low_confidence,DOWN,,,99.0551695795614,99.0551695795614,illustrative_scenario
new_forward,0,G03-0043,reversion,278,1791052800000,1791053100000,279,,0.44445538711432825,0.1110892257713435,0.1343455277459651,WAIT,low_confidence,UP,,,99.2536769334282,99.2536769334282,illustrative_scenario
new_forward,0,G04-0003,reversion,278,1791052800000,1791053100000,279,,0.4539436272629158,0.09211274547416837,0.13232499615696558,WAIT,low_confidence,UP,,,99.26596208889634,99.26596208889634,illustrative_scenario
new_forward,0,G05-0036,reversion,278,1791052800000,1791053100000,279,,0.41161508323363966,0.1767698335327207,0.14305914619451643,DOWN,,UP,False,2.0,97.09180135755959,96.89761775484448,illustrative_scenario
new_forward,0,G05-0055,fly,278,1791052800000,1791053100000,279,,0.4952355697294726,0.00952886054105484,0.04237831075594702,WAIT,low_confidence,UP,,,95.26990149570042,95.26990149570042,illustrative_scenario
new_forward,0,G05-0059,volume,278,1791052800000,1791053100000,279,,0.4861675014971063,0.027664997005787395,0.11548886865098622,WAIT,low_confidence,UP,,,99.0551695795614,99.0551695795614,illustrative_scenario
new_forward,0,G03-0043,reversion,279,1791053100000,1791053400000,280,,0.44232197982489674,0.11535604035020652,0.1343455277459651,WAIT,low_confidence,DOWN,,,99.2536769334282,99.2536769334282,illustrative_scenario
new_forward,0,G04-0003,reversion,279,1791053100000,1791053400000,280,,0.4423968267811459,0.11520634643770822,0.13232499615696558,WAIT,low_confidence,DOWN,,,99.26596208889634,99.26596208889634,illustrative_scenario
new_forward,0,G05-0036,reversion,279,1791053100000,1791053400000,280,,0.4402517222949381,0.11949655541012383,0.14305914619451643,WAIT,low_confidence,DOWN,,,96.89761775484448,96.89761775484448,illustrative_scenario
new_forward,0,G05-0055,fly,279,1791053100000,1791053400000,280,,0.43947137278341336,0.12105725443317328,0.04237831075594702,DOWN,,DOWN,True,2.0,95.26990149570042,95.44900891051235,illustrative_scenario
new_forward,0,G05-0059,volume,279,1791053100000,1791053400000,280,,0.44859563908187644,0.10280872183624712,0.11548886865098622,WAIT,low_confidence,DOWN,,,99.0551695795614,99.0551695795614,illustrative_scenario
new_forward,0,G03-0043,reversion,280,1791053400000,1791053700000,281,,0.4397915432702156,0.12041691345956884,0.1343455277459651,WAIT,low_confidence,UP,,,99.2536769334282,99.2536769334282,illustrative_scenario
new_forward,0,G04-0003,reversion,280,1791053400000,1791053700000,281,,0.4460802258424029,0.10783954831519416,0.13232499615696558,WAIT,low_confidence,UP,,,99.26596208889634,99.26596208889634,illustrative_scenario
new_forward,0,G05-0036,reversion,280,1791053400000,1791053700000,281,,0.41611052375958274,0.16777895248083452,0.14305914619451643,DOWN,,UP,False,2.0,96.89761775484448,96.70382251933479,illustrative_scenario
new_forward,0,G05-0055,fly,280,1791053400000,1791053700000,281,,0.47589437486022085,0.048211250279558304,0.04237831075594702,DOWN,,UP,False,2.0,95.44900891051235,95.25811089269132,illustrative_scenario
new_forward,0,G05-0059,volume,280,1791053400000,1791053700000,281,,0.48730824161413006,0.02538351677173989,0.11548886865098622,WAIT,low_confidence,UP,,,99.0551695795614,99.0551695795614,illustrative_scenario
new_forward,0,G03-0043,reversion,281,1791053700000,1791054000000,282,,0.4270586838840609,0.14588263223187825,0.1343455277459651,DOWN,,UP,False,2.0,99.2536769334282,99.05516957956134,illustrative_scenario
new_forward,0,G04-0003,reversion,281,1791053700000,1791054000000,282,,0.42885161399200145,0.1422967720159971,0.13232499615696558,DOWN,,UP,False,2.0,99.26596208889634,99.06743016471856,illustrative_scenario
new_forward,0,G05-0036,reversion,281,1791053700000,1791054000000,282,,0.4263769629203285,0.147246074159343,0.14305914619451643,DOWN,,UP,False,2.0,96.70382251933479,96.51041487429612,illustrative_scenario
new_forward,0,G05-0055,fly,281,1791053700000,1791054000000,282,,0.4327582041940104,0.1344835916119792,0.04237831075594702,DOWN,,UP,False,2.0,95.25811089269132,95.06759467090593,illustrative_scenario
new_forward,0,G05-0059,volume,281,1791053700000,1791054000000,282,,0.4504883155012335,0.09902336899753295,0.11548886865098622,WAIT,low_confidence,UP,,,99.0551695795614,99.0551695795614,illustrative_scenario
new_forward,0,G03-0043,reversion,282,1791054000000,1791054300000,283,,0.4369919468190102,0.12601610636197957,0.1343455277459651,WAIT,low_confidence,UP,,,99.05516957956134,99.05516957956134,illustrative_scenario
new_forward,0,G04-0003,reversion,282,1791054000000,1791054300000,283,,0.44094514906747023,0.11810970186505954,0.13232499615696558,WAIT,low_confidence,UP,,,99.06743016471856,99.06743016471856,illustrative_scenario
new_forward,0,G05-0036,reversion,282,1791054000000,1791054300000,283,,0.42909178962977174,0.14181642074045653,0.14305914619451643,WAIT,low_confidence,UP,,,96.51041487429612,96.51041487429612,illustrative_scenario
new_forward,0,G05-0055,fly,282,1791054000000,1791054300000,283,,0.4558929980356481,0.08821400392870382,0.04237831075594702,DOWN,,UP,False,2.0,95.06759467090593,94.87745948156412,illustrative_scenario
new_forward,0,G05-0059,volume,282,1791054000000,1791054300000,283,,0.4660666019554654,0.0678667960890692,0.11548886865098622,WAIT,low_confidence,UP,,,99.0551695795614,99.0551695795614,illustrative_scenario
new_forward,0,G03-0043,reversion,283,1791054300000,1791054600000,284,,0.46607276350426724,0.06785447299146552,0.1343455277459651,WAIT,low_confidence,UP,,,99.05516957956134,99.05516957956134,illustrative_scenario
new_forward,0,G04-0003,reversion,283,1791054300000,1791054600000,284,,0.46779060227540287,0.06441879544919427,0.13232499615696558,WAIT,low_confidence,UP,,,99.06743016471856,99.06743016471856,illustrative_scenario
new_forward,0,G05-0036,reversion,283,1791054300000,1791054600000,284,,0.46383602769959226,0.07232794460081549,0.14305914619451643,WAIT,low_confidence,UP,,,96.51041487429612,96.51041487429612,illustrative_scenario
new_forward,0,G05-0055,fly,283,1791054300000,1791054600000,284,,0.47112628719496874,0.05774742561006252,0.04237831075594702,DOWN,,UP,False,2.0,94.87745948156412,94.68770456260098,illustrative_scenario
new_forward,0,G05-0059,volume,283,1791054300000,1791054600000,284,,0.4904246888882014,0.019150622223597202,0.11548886865098622,WAIT,low_confidence,UP,,,99.0551695795614,99.0551695795614,illustrative_scenario
new_forward,0,G03-0043,reversion,284,1791054600000,1791054900000,285,,0.44111633372456033,0.11776733255087934,0.1343455277459651,WAIT,low_confidence,UP,,,99.05516957956134,99.05516957956134,illustrative_scenario
new_forward,0,G04-0003,reversion,284,1791054600000,1791054900000,285,,0.44092219536955224,0.11815560926089552,0.13232499615696558,WAIT,low_confidence,UP,,,99.06743016471856,99.06743016471856,illustrative_scenario
new_forward,0,G05-0036,reversion,284,1791054600000,1791054900000,285,,0.452195149908851,0.09560970018229797,0.14305914619451643,WAIT,low_confidence,UP,,,96.51041487429612,96.51041487429612,illustrative_scenario
new_forward,0,G05-0055,fly,284,1791054600000,1791054900000,285,,0.4377153951270638,0.12456920974587238,0.04237831075594702,DOWN,,UP,False,2.0,94.68770456260098,94.49832915347578,illustrative_scenario
new_forward,0,G05-0059,volume,284,1791054600000,1791054900000,285,,0.4384233534884547,0.12315329302309064,0.11548886865098622,DOWN,,UP,False,2.0,99.0551695795614,98.85705924040226,illustrative_scenario
new_forward,0,G03-0043,reversion,285,1791054900000,1791055200000,286,,0.42864510386826665,0.1427097922634667,0.1343455277459651,DOWN,,DOWN,True,2.0,99.05516957956134,99.24139329837091,illustrative_scenario
new_forward,0,G04-0003,reversion,285,1791054900000,1791055200000,286,,0.43666535758479896,0.12666928483040207,0.13232499615696558,WAIT,low_confidence,DOWN,,,99.06743016471856,99.06743016471856,illustrative_scenario
new_forward,0,G05-0036,reversion,285,1791054900000,1791055200000,286,,0.415011063350127,0.169977873299746,0.14305914619451643,DOWN,,DOWN,True,2.0,96.51041487429612,96.6918544542598,illustrative_scenario
new_forward,0,G05-0055,fly,285,1791054900000,1791055200000,286,,0.467474535834146,0.065050928331708,0.04237831075594702,DOWN,,DOWN,True,2.0,94.49832915347578,94.67598601228431,illustrative_scenario
new_forward,0,G05-0059,volume,285,1791054900000,1791055200000,286,,0.4175056538555824,0.16498869228883517,0.11548886865098622,DOWN,,DOWN,True,2.0,98.85705924040226,99.04291051177422,illustrative_scenario
new_forward,0,G03-0043,reversion,286,1791055200000,1791055500000,287,,0.41971940135259456,0.1605611972948109,0.1343455277459651,DOWN,,DOWN,True,2.0,99.24139329837091,99.42796711777184,illustrative_scenario
new_forward,0,G04-0003,reversion,286,1791055200000,1791055500000,287,,0.4293643934184287,0.14127121316314262,0.13232499615696558,DOWN,,DOWN,True,2.0,99.06743016471856,99.25367693342822,illustrative_scenario
new_forward,0,G05-0036,reversion,286,1791055200000,1791055500000,287,,0.4058242800601749,0.1883514398796502,0.14305914619451643,DOWN,,DOWN,True,2.0,96.6918544542598,96.87363514063381,illustrative_scenario
new_forward,0,G05-0055,fly,286,1791055200000,1791055500000,287,,0.4704264056688693,0.05914718866226143,0.04237831075594702,DOWN,,DOWN,True,2.0,94.67598601228431,94.8539768659874,illustrative_scenario
new_forward,0,G05-0059,volume,286,1791055200000,1791055500000,287,,0.47740969870261507,0.04518060259476986,0.11548886865098622,WAIT,low_confidence,DOWN,,,99.04291051177422,99.04291051177422,illustrative_scenario
new_forward,0,G03-0043,reversion,287,1791055500000,1791055800000,288,,0.45591785240333826,0.08816429519332347,0.1343455277459651,WAIT,low_confidence,DOWN,,,99.42796711777184,99.42796711777184,illustrative_scenario
new_forward,0,G04-0003,reversion,287,1791055500000,1791055800000,288,,0.46494032701521626,0.07011934596956748,0.13232499615696558,WAIT,low_confidence,DOWN,,,99.25367693342822,99.25367693342822,illustrative_scenario
new_forward,0,G05-0036,reversion,287,1791055500000,1791055800000,288,,0.43589762032070756,0.12820475935858489,0.14305914619451643,WAIT,low_confidence,DOWN,,,96.87363514063381,96.87363514063381,illustrative_scenario
new_forward,0,G05-0055,fly,287,1791055500000,1791055800000,288,,0.49670370234237626,0.006592595315247474,0.04237831075594702,WAIT,low_confidence,DOWN,,,94.8539768659874,94.8539768659874,illustrative_scenario
new_forward,0,G05-0059,volume,287,1791055500000,1791055800000,288,,0.4929879484774611,0.01402410304507784,0.11548886865098622,WAIT,low_confidence,DOWN,,,99.04291051177422,99.04291051177422,illustrative_scenario
new_forward,0,G03-0043,reversion,288,1791055800000,1791056100000,289,,0.4732709363995049,0.05345812720099019,0.1343455277459651,WAIT,low_confidence,DOWN,,,99.42796711777184,99.42796711777184,illustrative_scenario
new_forward,0,G04-0003,reversion,288,1791055800000,1791056100000,289,,0.48108150091474344,0.037836998170513114,0.13232499615696558,WAIT,low_confidence,DOWN,,,99.25367693342822,99.25367693342822,illustrative_scenario
new_forward,0,G05-0036,reversion,288,1791055800000,1791056100000,289,,0.4516179987004882,0.09676400259902362,0.14305914619451643,WAIT,low_confidence,DOWN,,,96.87363514063381,96.87363514063381,illustrative_scenario
new_forward,0,G05-0055,fly,288,1791055800000,1791056100000,289,,0.5048421108483637,0.009684221696727446,0.04237831075594702,WAIT,low_confidence,DOWN,,,94.8539768659874,94.8539768659874,illustrative_scenario
new_forward,0,G05-0059,volume,288,1791055800000,1791056100000,289,,0.517718217876206,0.035436435752411954,0.11548886865098622,WAIT,low_confidence,DOWN,,,99.04291051177422,99.04291051177422,illustrative_scenario
new_forward,0,G03-0043,reversion,289,1791056100000,1791056400000,290,,0.5068509965820097,0.013701993164019433,0.1343455277459651,WAIT,low_confidence,DOWN,,,99.42796711777184,99.42796711777184,illustrative_scenario
new_forward,0,G04-0003,reversion,289,1791056100000,1791056400000,290,,0.5082310093064049,0.016462018612809715,0.13232499615696558,WAIT,low_confidence,DOWN,,,99.25367693342822,99.25367693342822,illustrative_scenario
new_forward,0,G05-0036,reversion,289,1791056100000,1791056400000,290,,0.4958675609351861,0.00826487812962784,0.14305914619451643,WAIT,low_confidence,DOWN,,,96.87363514063381,96.87363514063381,illustrative_scenario
new_forward,0,G05-0055,fly,289,1791056100000,1791056400000,290,,0.5032379466452973,0.006475893290594614,0.04237831075594702,WAIT,low_confidence,DOWN,,,94.8539768659874,94.8539768659874,illustrative_scenario
new_forward,0,G05-0059,volume,289,1791056100000,1791056400000,290,,0.516612790070462,0.03322558014092403,0.11548886865098622,WAIT,low_confidence,DOWN,,,99.04291051177422,99.04291051177422,illustrative_scenario
new_forward,0,G03-0043,reversion,290,1791056400000,1791056700000,291,,0.5172067914949195,0.0344135829898391,0.1343455277459651,WAIT,low_confidence,UP,,,99.42796711777184,99.42796711777184,illustrative_scenario
new_forward,0,G04-0003,reversion,290,1791056400000,1791056700000,291,,0.5153680617763283,0.030736123552656647,0.13232499615696558,WAIT,low_confidence,UP,,,99.25367693342822,99.25367693342822,illustrative_scenario
new_forward,0,G05-0036,reversion,290,1791056400000,1791056700000,291,,0.5115454509935654,0.02309090198713082,0.14305914619451643,WAIT,low_confidence,UP,,,96.87363514063381,96.87363514063381,illustrative_scenario
new_forward,0,G05-0055,fly,290,1791056400000,1791056700000,291,,0.4993047418371504,0.0013905163256991981,0.04237831075594702,WAIT,low_confidence,UP,,,94.8539768659874,94.8539768659874,illustrative_scenario
new_forward,0,G05-0059,volume,290,1791056400000,1791056700000,291,,0.5192125483161,0.03842509663219995,0.11548886865098622,WAIT,low_confidence,UP,,,99.04291051177422,99.04291051177422,illustrative_scenario
new_forward,0,G03-0043,reversion,291,1791056700000,1791057000000,292,,0.5197963026093037,0.0395926052186073,0.1343455277459651,WAIT,low_confidence,UP,,,99.42796711777184,99.42796711777184,illustrative_scenario
new_forward,0,G04-0003,reversion,291,1791056700000,1791057000000,292,,0.5149434251123152,0.029886850224630335,0.13232499615696558,WAIT,low_confidence,UP,,,99.25367693342822,99.25367693342822,illustrative_scenario
new_forward,0,G05-0036,reversion,291,1791056700000,1791057000000,292,,0.5217886503721185,0.043577300744237046,0.14305914619451643,WAIT,low_confidence,UP,,,96.87363514063381,96.87363514063381,illustrative_scenario
new_forward,0,G05-0055,fly,291,1791056700000,1791057000000,292,,0.4863317455772012,0.027336508845597574,0.04237831075594702,WAIT,low_confidence,UP,,,94.8539768659874,94.8539768659874,illustrative_scenario
new_forward,0,G05-0059,volume,291,1791056700000,1791057000000,292,,0.49549901599015733,0.009001968019685336,0.11548886865098622,WAIT,low_confidence,UP,,,99.04291051177422,99.04291051177422,illustrative_scenario
new_forward,0,G03-0043,reversion,292,1791057000000,1791057300000,293,,0.490445223474188,0.019109553051623984,0.1343455277459651,WAIT,low_confidence,DOWN,,,99.42796711777184,99.42796711777184,illustrative_scenario
new_forward,0,G04-0003,reversion,292,1791057000000,1791057300000,293,,0.4849325673431602,0.030134865313679593,0.13232499615696558,WAIT,low_confidence,DOWN,,,99.25367693342822,99.25367693342822,illustrative_scenario
new_forward,0,G05-0036,reversion,292,1791057000000,1791057300000,293,,0.49963134689700034,0.0007373062059993218,0.14305914619451643,WAIT,low_confidence,DOWN,,,96.87363514063381,96.87363514063381,illustrative_scenario
new_forward,0,G05-0055,fly,292,1791057000000,1791057300000,293,,0.4562199029746651,0.08756019405066984,0.04237831075594702,DOWN,,DOWN,True,2.0,94.8539768659874,95.03230234249546,illustrative_scenario
new_forward,0,G05-0059,volume,292,1791057000000,1791057300000,293,,0.48552082931921814,0.028958341361563722,0.11548886865098622,WAIT,low_confidence,DOWN,,,99.04291051177422,99.04291051177422,illustrative_scenario
new_forward,0,G03-0043,reversion,293,1791057300000,1791057600000,294,,0.4665303584947728,0.06693928301045438,0.1343455277459651,WAIT,low_confidence,DOWN,,,99.42796711777184,99.42796711777184,illustrative_scenario
new_forward,0,G04-0003,reversion,293,1791057300000,1791057600000,294,,0.469028616600429,0.06194276679914201,0.13232499615696558,WAIT,low_confidence,DOWN,,,99.25367693342822,99.25367693342822,illustrative_scenario
new_forward,0,G05-0036,reversion,293,1791057300000,1791057600000,294,,0.4552161997063306,0.08956760058733881,0.14305914619451643,WAIT,low_confidence,DOWN,,,96.87363514063381,96.87363514063381,illustrative_scenario
new_forward,0,G05-0055,fly,293,1791057300000,1791057600000,294,,0.48077489443800614,0.03845021112398772,0.04237831075594702,WAIT,low_confidence,DOWN,,,95.03230234249546,95.03230234249546,illustrative_scenario
new_forward,0,G05-0059,volume,293,1791057300000,1791057600000,294,,0.4980415653189293,0.0039168693621414175,0.11548886865098622,WAIT,low_confidence,DOWN,,,99.04291051177422,99.04291051177422,illustrative_scenario
new_forward,0,G03-0043,reversion,294,1791057600000,1791057900000,295,,0.44825022729572395,0.10349954540855211,0.1343455277459651,WAIT,low_confidence,UP,,,99.42796711777184,99.42796711777184,illustrative_scenario
new_forward,0,G04-0003,reversion,294,1791057600000,1791057900000,295,,0.45597921849174533,0.08804156301650934,0.13232499615696558,WAIT,low_confidence,UP,,,99.25367693342822,99.25367693342822,illustrative_scenario
new_forward,0,G05-0036,reversion,294,1791057600000,1791057900000,295,,0.4283520792415048,0.14329584151699037,0.14305914619451643,DOWN,,UP,False,2.0,96.87363514063381,96.67988787035254,illustrative_scenario
new_forward,0,G05-0055,fly,294,1791057600000,1791057900000,295,,0.4884174751967566,0.0231650496064868,0.04237831075594702,WAIT,low_confidence,UP,,,95.03230234249546,95.03230234249546,illustrative_scenario
new_forward,0,G05-0059,volume,294,1791057600000,1791057900000,295,,0.4987214402943411,0.0025571194113177542,0.11548886865098622,WAIT,low_confidence,UP,,,99.04291051177422,99.04291051177422,illustrative_scenario
new_forward,0,G03-0043,reversion,295,1791057900000,1791058200000,296,,0.46426754412715954,0.07146491174568093,0.1343455277459651,WAIT,low_confidence,UP,,,99.42796711777184,99.42796711777184,illustrative_scenario
new_forward,0,G04-0003,reversion,295,1791057900000,1791058200000,296,,0.4670293662925759,0.06594126741484818,0.13232499615696558,WAIT,low_confidence,UP,,,99.25367693342822,99.25367693342822,illustrative_scenario
new_forward,0,G05-0036,reversion,295,1791057900000,1791058200000,296,,0.45714244233875284,0.08571511532249432,0.14305914619451643,WAIT,low_confidence,UP,,,96.67988787035254,96.67988787035254,illustrative_scenario
new_forward,0,G05-0055,fly,295,1791057900000,1791058200000,296,,0.478901967049981,0.04219606590003799,0.04237831075594702,WAIT,low_confidence,UP,,,95.03230234249546,95.03230234249546,illustrative_scenario
new_forward,0,G05-0059,volume,295,1791057900000,1791058200000,296,,0.49597940027269866,0.008041199454602688,0.11548886865098622,WAIT,low_confidence,UP,,,99.04291051177422,99.04291051177422,illustrative_scenario
new_forward,0,G03-0043,reversion,296,1791058200000,1791058500000,297,,0.4551710055913756,0.08965798881724885,0.1343455277459651,WAIT,low_confidence,DOWN,,,99.42796711777184,99.42796711777184,illustrative_scenario
new_forward,0,G04-0003,reversion,296,1791058200000,1791058500000,297,,0.4553521352914435,0.08929572941711295,0.13232499615696558,WAIT,low_confidence,DOWN,,,99.25367693342822,99.25367693342822,illustrative_scenario
new_forward,0,G05-0036,reversion,296,1791058200000,1791058500000,297,,0.45399904013021525,0.0920019197395695,0.14305914619451643,WAIT,low_confidence,DOWN,,,96.67988787035254,96.67988787035254,illustrative_scenario
new_forward,0,G05-0055,fly,296,1791058200000,1791058500000,297,,0.4607046186229715,0.07859076275405696,0.04237831075594702,DOWN,,DOWN,True,2.0,95.03230234249546,95.21096307089935,illustrative_scenario
new_forward,0,G05-0059,volume,296,1791058200000,1791058500000,297,,0.4785650668745742,0.04286986625085165,0.11548886865098622,WAIT,low_confidence,DOWN,,,99.04291051177422,99.04291051177422,illustrative_scenario
new_forward,0,G03-0043,reversion,297,1791058500000,1791058800000,298,,0.4636376361277838,0.0727247277444324,0.1343455277459651,WAIT,low_confidence,DOWN,,,99.42796711777184,99.42796711777184,illustrative_scenario
new_forward,0,G04-0003,reversion,297,1791058500000,1791058800000,298,,0.4700808927855753,0.0598382144288494,0.13232499615696558,WAIT,low_confidence,DOWN,,,99.25367693342822,99.25367693342822,illustrative_scenario
new_forward,0,G05-0036,reversion,297,1791058500000,1791058800000,298,,0.44406064596722783,0.11187870806554434,0.14305914619451643,WAIT,low_confidence,DOWN,,,96.67988787035254,96.67988787035254,illustrative_scenario
new_forward,0,G05-0055,fly,297,1791058500000,1791058800000,298,,0.4973104376321324,0.005379124735735208,0.04237831075594702,WAIT,low_confidence,DOWN,,,95.21096307089935,95.21096307089935,illustrative_scenario
new_forward,0,G05-0059,volume,297,1791058500000,1791058800000,298,,0.5047353196720366,0.009470639344073106,0.11548886865098622,WAIT,low_confidence,DOWN,,,99.04291051177422,99.04291051177422,illustrative_scenario
new_forward,0,G03-0043,reversion,298,1791058800000,1791059100000,299,,0.490248445755378,0.01950310848924397,0.1343455277459651,WAIT,low_confidence,UP,,,99.42796711777184,99.42796711777184,illustrative_scenario
new_forward,0,G04-0003,reversion,298,1791058800000,1791059100000,299,,0.49522019292968683,0.009559614140626338,0.13232499615696558,WAIT,low_confidence,UP,,,99.25367693342822,99.25367693342822,illustrative_scenario
new_forward,0,G05-0036,reversion,298,1791058800000,1791059100000,299,,0.468274270053869,0.06345145989226197,0.14305914619451643,WAIT,low_confidence,UP,,,96.67988787035254,96.67988787035254,illustrative_scenario
new_forward,0,G05-0055,fly,298,1791058800000,1791059100000,299,,0.5113286863678167,0.022657372735633396,0.04237831075594702,WAIT,low_confidence,UP,,,95.21096307089935,95.21096307089935,illustrative_scenario
new_forward,0,G05-0059,volume,298,1791058800000,1791059100000,299,,0.5298018558159372,0.05960371163187439,0.11548886865098622,WAIT,low_confidence,UP,,,99.04291051177422,99.04291051177422,illustrative_scenario
